  -9.00   3.00  15.00   5.00
   1.00  -9.00  -9.00   5.00
  -9.00   6.00   4.00   3.00
  -9.00   1.00  -9.00   3.00
   2.00  -9.00   2.00  -9.00
   1.00   3.00   5.00   4.00
   2.00   3.00   5.00   5.00
   1.00  -9.00  -9.00   1.00
  -9.00   1.00  10.00   7.00
   5.00   2.00  -9.00  -9.00
   4.00   1.00  -9.00  -9.00
  -9.00   2.00  -9.00   6.00
   7.00  10.00  15.00  10.00
   1.00  -9.00   5.00   2.00
   4.00  -9.00  -9.00   7.00
  -9.00   2.00   1.00  -9.00
  -9.00   2.00   2.00   5.00
  -9.00   5.00   6.00   1.00
  -9.00  -9.00   2.00   3.00
   3.00  -9.00   4.00   9.00
  -9.00  -9.00   3.00   2.00
   4.00  -9.00   3.00   8.00
  -9.00  10.00  20.00   7.00
   1.00  -9.00   4.00  -9.00
   1.00   3.00  10.00  -9.00
  10.00  11.00  -9.00   7.00
  -9.00   1.00  11.00  11.00
  -9.00   5.00  10.00   6.00
  -9.00  -9.00   5.00  10.00
  -9.00   2.00  20.00   7.00
  -9.00   1.00   5.00   6.00
  -9.00   2.00  15.00   3.00
   1.00   1.00   1.00   3.00
  -9.00   1.00  -9.00   3.00
   1.00  24.00  -9.00  -9.00
  -9.00  -9.00   7.00  12.00
   3.00   2.00  -9.00   9.00
   1.00   1.00  -9.00   1.00
   1.00   1.00   1.00   5.00
   3.00   2.00  13.00   8.00
  -9.00   1.00  -9.00   2.00
  -9.00   6.00  -9.00   1.00
  -9.00   9.00  15.00  12.00
  -9.00  -9.00   1.00   1.00
  -9.00   2.00   5.00   6.00
   1.00   3.00   1.00   3.00
  -9.00  -9.00   4.00   8.00
  -9.00  -9.00   3.00   2.00
  -9.00  -9.00   4.00   3.00
   1.00   1.00  -9.00  -9.00
  10.00   4.00  -9.00  20.00
  -9.00   2.00  -9.00   3.00
   3.00   8.00  15.00  -9.00
   4.00  -9.00   2.00   3.00
   1.00  -9.00   7.00  -9.00
   1.00   2.00   1.00   5.00
  12.00   3.00   5.00   5.00
  13.00   6.00   9.00   5.00
   2.00   2.00  15.00  10.00
   2.00   8.00  -9.00   3.00
  -9.00   2.00   2.00   2.00
  -9.00  -9.00  14.00   6.00
  -9.00  -9.00   2.00   5.00
  -9.00  -9.00   2.00   3.00
   3.00   6.00   8.00  -9.00
  -9.00  -9.00   1.00   1.00
  15.00   8.00  -9.00  10.00
  -9.00   6.00   2.00   2.00
   1.00   1.00   2.00   4.00
  -9.00  -9.00   4.00   1.00
   2.00   1.00   7.00   5.00
   0.00  -9.00   2.00   5.00
  -9.00  -9.00   6.00   5.00
   2.00  -9.00  -9.00   0.00
  -9.00  -9.00   1.00   2.00
   1.00   8.00   5.00   8.00
  -9.00  -9.00   0.00   2.00
  -9.00   2.00  -9.00   1.00
   1.00   2.00  -9.00   6.00
  -9.00   2.00  -9.00   6.00
  -9.00  -9.00   5.00   5.00
  -9.00  -9.00   1.00   4.00
  -9.00  10.00  18.00  12.00
   1.00   3.00   1.00   1.00
  -9.00  -9.00   1.00   5.00
  -9.00  -9.00   2.00   2.00
  -9.00   2.00   4.00   7.00
   2.00   2.00   5.00   6.00
  -9.00   1.00   2.00  -9.00
  -9.00  -9.00   2.00   1.00
  -9.00   1.00   5.00   5.00
  -9.00  -9.00   5.00   5.00
  12.00   4.00  -9.00  -9.00
   1.00  22.00  -9.00  -9.00
  15.00   7.00  -9.00  10.00
  -9.00  10.00  10.00  20.00
  -9.00  -9.00   1.00   2.00
  10.00  12.00  -9.00  -9.00
   1.00   1.00  -9.00  -9.00
   2.00   3.00  -9.00  -9.00
   0.00  -9.00  -9.00   3.00
  -9.00   1.00   6.00  -9.00
  -9.00  -9.00  10.00  10.00
  -9.00   6.00   5.00  -9.00
   5.00  10.00   8.00  10.00
   1.00  -9.00   2.00   2.00
   4.00  -9.00  10.00  20.00
   2.00  -9.00  20.00  -9.00
   1.00   6.00   3.00  -9.00
  -9.00   1.00  -9.00  10.00
   1.00   3.00  12.00  -9.00
   1.00   2.00  -9.00   2.00
  -9.00   1.00   1.00  -9.00
   8.00  -9.00   3.00   7.00
   9.00   4.00   5.00   7.00
  -9.00  -9.00   6.00   1.00
  -9.00  -9.00   8.00   5.00
   1.00   2.00  10.00  15.00
  -9.00   8.00   5.00   5.00
  -9.00  -9.00  17.00   3.00
   8.00   3.00   4.00   5.00
   5.00   3.00   7.00   6.00
   1.00   2.00  -9.00  -9.00
  -9.00   2.00  -9.00   5.00
  -9.00   1.00   3.00  -9.00
  -9.00  -9.00   0.00   5.00
   1.00  -9.00   8.00   5.00
   3.00  -9.00  -9.00   2.00
  -9.00  -9.00   1.00   2.00
  -9.00  -9.00  10.00  15.00
   1.00  -9.00  -9.00   4.00
   1.00  13.00  -9.00  10.00
   1.00   5.00   8.00  11.00
   9.00  12.00  11.00   5.00
   2.00   2.00   2.00   3.00
   1.00   4.00  20.00  -9.00
  -9.00   2.00   1.00  -9.00
  -9.00   2.00   2.00   5.00
  -9.00  -9.00   0.00   5.00
  -9.00   2.00   5.00   2.00
   1.00  -9.00   5.00   2.00
  -9.00   3.00  12.00  10.00
  -9.00  -9.00  15.00  10.00
   1.00   1.00   2.00   2.00
  20.00  -9.00   3.00  -9.00
  -9.00   2.00   2.00   4.00
  -9.00  -9.00  20.00  10.00
  -9.00   4.00   1.00   1.00
   1.00   1.00   2.00   2.00
   1.00   1.00  -9.00  -9.00
  -9.00   1.00   3.00   3.00
   6.00   3.00   2.00  -9.00
   5.00   5.00   5.00  -9.00
  10.00   6.00   4.00  -9.00
  -9.00   1.00   1.00   5.00
  -9.00  -9.00   4.00   4.00
   2.00  -9.00   4.00   3.00
   1.00   1.00   4.00   4.00
  -9.00  -9.00   5.00   1.00
  -9.00   4.00   1.00   5.00
  -9.00   1.00  -9.00   3.00
   2.00   4.00   3.00   6.00
  -9.00  -9.00   1.00   5.00
  -9.00  -9.00   2.00   6.00
  -9.00   2.00   1.00   3.00
  -9.00   1.00   5.00  -9.00
  -9.00   6.00  10.00  -9.00
   1.00   1.00  -9.00  -9.00
   0.00  -9.00  -9.00   5.00
  -9.00   1.00   1.00   2.00
   3.00   2.00   5.00   4.00
  -9.00   1.00  -9.00   8.00
  -9.00   1.00   1.00   1.00
  -9.00   1.00   1.00   5.00
  -9.00  -9.00   1.00   6.00
  -9.00   2.00  -9.00   8.00
   3.00   3.00  11.00   6.00
   1.00   1.00  -9.00   2.00
   2.00   2.00   6.00   3.00
   4.00   2.00  15.00  -9.00
   5.00   4.00   4.00  -9.00
  -9.00  25.00   3.00   4.00
   1.00  -9.00  -9.00   4.00
  -9.00   1.00  -9.00   1.00
  -9.00   3.00  12.00  24.00
  -9.00   1.00  -9.00   5.00
  25.00   0.00  -9.00  -9.00
   1.00  10.00  21.00  10.00
  -9.00  -9.00   1.00   2.00
   2.00  -9.00  -9.00   4.00
   2.00   4.00   3.00   2.00
  -9.00   1.00   1.00   1.00
  -9.00   1.00   1.00   2.00
  10.00   1.00   1.00   3.00
  -9.00   1.00   7.00  -9.00
   2.00   2.00   4.00   1.00
   1.00  -9.00   3.00   3.00
   2.00   3.00   5.00   3.00
  -9.00   1.00   2.00  -9.00
   1.00   1.00  -9.00   4.00
  -9.00   2.00   5.00   5.00
  -9.00   3.00   2.00   4.00
   0.00  -9.00  -9.00   5.00
   2.00   1.00  -9.00   4.00
  -9.00  -9.00   3.00  15.00
   1.00  -9.00   5.00   1.00
  -9.00  -9.00   2.00   3.00
   3.00  -9.00   4.00   5.00
   4.00  -9.00   6.00   3.00
   2.00   3.00   6.00   4.00
   1.00  -9.00   8.00   2.00
  -9.00  -9.00  10.00   3.00
  -9.00   8.00   1.00   5.00
   2.00   2.00   2.00   3.00
  -9.00  -9.00   4.00   2.00
  -9.00   3.00   0.00   3.00
  -9.00   5.00   5.00  15.00
   4.00   2.00   1.00   3.00
   2.00   1.00  -9.00  -9.00
   5.00  17.00  11.00   4.00
   4.00   6.00   7.00   6.00
   5.00  -9.00  -9.00   2.00
  -9.00   6.00  -9.00   6.00
   5.00   5.00   4.00   3.00
  -9.00  -9.00   1.00   4.00
   0.00  -9.00  -9.00   3.00
   1.00   1.00   1.00   2.00
   2.00   2.00   5.00  -9.00
   0.00   0.00   1.00  -9.00
   3.00   2.00   7.00   7.00
  -9.00   3.00   4.00   6.00
  -9.00   3.00   7.00   6.00
  -9.00   5.00   1.00   3.00
   2.00   6.00   3.00   8.00
   2.00   4.00   4.00   3.00
  -9.00  -9.00   7.00   3.00
  -9.00  -9.00   4.00   6.00
   1.00   1.00  -9.00  -9.00
   1.00  -9.00   4.00   6.00
   8.00   2.00   1.00   2.00
  -9.00   2.00  -9.00   2.00
   4.00  -9.00   2.00   4.00
  -9.00  -9.00   1.00   2.00
  -9.00   1.00   2.00   1.00
  -9.00  10.00  20.00  -9.00
  -9.00  -9.00   1.00   2.00
  -9.00   5.00  -9.00   3.00
   1.00   3.00   4.00  19.00
   1.00   1.00   1.00   4.00
   2.00   1.00  -9.00   4.00
   3.00  -9.00  10.00  -9.00
  -9.00   3.00  -9.00   2.00
  -9.00   1.00   2.00   3.00
   0.00  -9.00   5.00   6.00
   1.00   3.00   7.00   8.00
  -9.00  -9.00   1.00  10.00
   1.00   8.00   7.00   8.00
  -9.00   2.00   1.00   2.00
  -9.00  -9.00   1.00   7.00
   3.00   4.00   4.00   4.00
   1.00   2.00   1.00  -9.00
  -9.00  -9.00   5.00   7.00
  -9.00   1.00  -9.00   3.00
   1.00  -9.00   2.00   1.00
   1.00  -9.00  -9.00   1.00
  -9.00  -9.00   1.00   1.00
  -9.00   2.00  -9.00   1.00
  -9.00   1.00   3.00   5.00
   2.00   4.00   5.00  -9.00
   5.00   7.00   8.00   6.00
   5.00   8.00  -9.00  -9.00
  -9.00  -9.00   5.00  15.00
   1.00  -9.00  -9.00  12.00
   3.00   5.00  -9.00   3.00
   4.00   9.00   7.00  12.00
   2.00   2.00   5.00   6.00
   1.00   5.00  10.00  -9.00
   2.00   2.00   8.00   5.00
   1.00   1.00   2.00   1.00
  -9.00  -9.00   2.00   1.00
  24.00  -9.00   3.00  -9.00
   2.00  10.00  -9.00  -9.00
   1.00   0.00   6.00  -9.00
   3.00   6.00   6.00   8.00
  -9.00   2.00   4.00   7.00
   1.00   8.00   8.00  -9.00
  -9.00   2.00  -9.00  10.00
   1.00   2.00  -9.00  -9.00
  -9.00  10.00   3.00  -9.00
  -9.00  -9.00   3.00   8.00
  -9.00  -9.00   3.00   7.00
   1.00  -9.00  -9.00   1.00
   3.00   4.00   2.00  -9.00
  11.00  -9.00   4.00   7.00
  -9.00   4.00   2.00  -9.00
  -9.00  -9.00   4.00   5.00
  -9.00   0.00   5.00   2.00
  -9.00   1.00   7.00  10.00
  -9.00  -9.00   6.00   4.00
   0.00   9.00  -9.00   5.00
   2.00   3.00   1.00   2.00
  18.00  11.00  16.00  20.00
   3.00  10.00   5.00   5.00
   5.00  -9.00   4.00   6.00
  -9.00   4.00  -9.00   3.00
  -9.00   1.00   3.00   5.00
   1.00   2.00   2.00  13.00
  -9.00   1.00   5.00  -9.00
  -9.00   5.00  -9.00   6.00
   1.00   3.00   5.00   7.00
   1.00  -9.00  -9.00   1.00
   2.00   1.00   1.00  -9.00
  -9.00  -9.00   2.00   4.00
   6.00  10.00   6.00  -9.00
   3.00   3.00   7.00   9.00
  10.00   1.00  -9.00  -9.00
  -9.00   3.00   3.00  -9.00
   2.00   5.00   3.00  12.00
  15.00   6.00   2.00  -9.00
  15.00  14.00   8.00   7.00
   2.00   2.00   2.00   7.00
   3.00   4.00  -9.00   5.00
   2.00  10.00   7.00  -9.00
   1.00   1.00  -9.00   1.00
  -9.00  -9.00   1.00   4.00
   4.00   1.00   3.00  -9.00
  -9.00  20.00  12.00   9.00
   6.00  12.00  -9.00  -9.00
  -9.00   7.00  -9.00  12.00
   9.00   1.00   0.00  -9.00
  -9.00   4.00  -9.00   6.00
  -9.00   8.00   8.00  -9.00
   4.00  12.00   2.00  -9.00
  -9.00  15.00  20.00  12.00
   2.00   4.00  -9.00   3.00
  -9.00  -9.00   8.00  10.00
   7.00   9.00  -9.00   1.00
   3.00   5.00   7.00  11.00
   1.00  -9.00  12.00  -9.00
  -9.00   2.00   2.00  -9.00
  -9.00   2.00   2.00   2.00
  -9.00   5.00   7.00  12.00
  -9.00  10.00  20.00   2.00
   1.00  -9.00   3.00  15.00
  -9.00  -9.00   8.00  15.00
  -9.00   2.00   3.00  -9.00
  -9.00  -9.00   3.00   7.00
   1.00  -9.00  -9.00   6.00
   0.00   8.00   4.00  -9.00
   7.00   8.00   4.00   4.00
   1.00  -9.00  -9.00   4.00
  -9.00   2.00  10.00  -9.00
   1.00   2.00   2.00   2.00
  15.00  10.00  12.00   7.00
  -9.00   3.00   3.00   3.00
   1.00   8.00  10.00   8.00
   2.00   4.00   5.00  -9.00
   5.00   4.00   9.00   3.00
  -9.00  15.00  11.00   7.00
   1.00   6.00  12.00   6.00
   1.00  -9.00   1.00  -9.00
  -9.00   7.00   8.00   4.00
  -9.00  16.00  14.00  -9.00
  -9.00  -9.00   5.00   8.00
   2.00   2.00   1.00   5.00
   2.00   1.00   2.00   3.00
   1.00   3.00   1.00   2.00
  10.00   7.00   7.00   4.00
   8.00  -9.00  -9.00   2.00
  -9.00  -9.00   1.00   9.00
   3.00  10.00  12.00  -9.00
   2.00  12.00  -9.00  -9.00
  -9.00  -9.00   2.00  12.00
   3.00   5.00  -9.00  -9.00
  -9.00  -9.00   3.00   5.00
  -9.00   5.00   2.00   6.00
  -9.00  -9.00   2.00   2.00
   7.00  -9.00  -9.00   7.00
   1.00   2.00  -9.00  -9.00
  -9.00   1.00   3.00  15.00
  20.00   3.00   3.00   7.00
  -9.00  -9.00  10.00   3.00
  25.00  -9.00   6.00   8.00
  -9.00   5.00  10.00  12.00
  -9.00   1.00   0.00   9.00
  -9.00  -9.00   1.00   5.00
   4.00   3.00  -9.00  -9.00
   1.00  -9.00  12.00  10.00
   0.00   4.00  -9.00   5.00
  -9.00  10.00   6.00  -9.00
  -9.00   9.00  15.00  12.00
   5.00   5.00  -9.00   4.00
  -9.00   1.00  -9.00   7.00
   4.00  -9.00   5.00  -9.00
  -9.00  -9.00   8.00   8.00
  -9.00   2.00   2.00   3.00
  -9.00  -9.00   1.00   1.00
   1.00   1.00   1.00   6.00
  -9.00  -9.00   7.00   2.00
   5.00   6.00  15.00   8.00
  -9.00  -9.00   5.00   2.00
   1.00   2.00   1.00  -9.00
   5.00  11.00  25.00  14.00
  -9.00  -9.00   2.00   4.00
   1.00  -9.00  -9.00   4.00
  -9.00   1.00   1.00   4.00
  -9.00   1.00   8.00   5.00
   8.00   3.00  10.00   5.00
  -9.00  -9.00  20.00  10.00
  -9.00  -9.00   1.00   7.00
  -9.00   2.00   4.00   7.00
  -9.00   4.00   8.00  15.00
  -9.00  -9.00   5.00  10.00
   7.00  -9.00   6.00   6.00
  -9.00  10.00  22.00  -9.00
  -9.00  -9.00   3.00   9.00
  -9.00   3.00  -9.00   6.00
   1.00   2.00  -9.00   3.00
  -9.00   1.00   1.00   7.00
  -9.00  -9.00   0.00   4.00
  -9.00   1.00  -9.00   3.00
   2.00   6.00   8.00   3.00
  -9.00  -9.00   1.00   6.00
   2.00  -9.00   3.00  -9.00
   8.00   5.00  10.00   8.00
  -9.00   6.00   4.00  -9.00
  -9.00  -9.00   9.00   1.00
   4.00   4.00   3.00   4.00
  -9.00   8.00  10.00  10.00
   2.00  20.00  -9.00  18.00
   1.00   1.00  -9.00  12.00
   1.00   5.00  -9.00  20.00
   5.00  -9.00   2.00   2.00
   6.00   2.00   5.00   3.00
  -9.00  -9.00   5.00  12.00
  -9.00  -9.00   5.00   6.00
  -9.00  -9.00   3.00   3.00
  -9.00  10.00  14.00  -9.00
   1.00   3.00   1.00   1.00
   5.00  10.00  -9.00  -9.00
  -9.00   5.00   5.00   5.00
   5.00  -9.00  -9.00   3.00
  -9.00   3.00   2.00  12.00
   1.00  -9.00   1.00   3.00
   1.00  -9.00  12.00   5.00
   3.00   6.00  -9.00   6.00
  -9.00  -9.00  12.00  15.00
   2.00   4.00   8.00  -9.00
   5.00  14.00  20.00  12.00
  -9.00   0.00  20.00  10.00
  20.00   2.00  15.00  10.00
   9.00   9.00   7.00  -9.00
   1.00   1.00   1.00   1.00
  -9.00   1.00  -9.00  10.00
  -9.00   2.00  -9.00   3.00
   4.00   1.00   2.00   1.00
   3.00  -9.00  -9.00   5.00
   6.00  11.00  -9.00   5.00
  -9.00   1.00   3.00  -9.00
   5.00  -9.00   9.00  -9.00
   1.00  12.00  -9.00  -9.00
  -9.00  -9.00   2.00   2.00
  -9.00  -9.00   2.00   3.00
   2.00  15.00  12.00  -9.00
  -9.00   3.00  -9.00   4.00
  -9.00  -9.00   1.00   2.00
  -9.00   3.00  15.00   6.00
   2.00   8.00  10.00  13.00
  -9.00   2.00   2.00  -9.00
   2.00   6.00  10.00   5.00
   3.00   2.00   0.00  -9.00
   2.00  12.00  10.00   9.00
   1.00   2.00   5.00   5.00
  12.00   6.00   9.00   2.00
  -9.00   1.00  -9.00   1.00
   3.00  -9.00   2.00  -9.00
   6.00  -9.00  10.00   1.00
  -9.00  10.00  11.00   6.00
  10.00   8.00   9.00   8.00
   3.00   5.00   4.00  -9.00
   1.00  11.00   2.00   8.00
   5.00   7.00   7.00   2.00
   1.00  -9.00   2.00   3.00
  13.00  13.00  13.00  10.00
  15.00   8.00   6.00   6.00
  -9.00  -9.00   4.00   5.00
   0.00  -9.00  -9.00   4.00
  -9.00   1.00   1.00   3.00
   3.00   3.00   4.00  -9.00
   3.00   4.00  -9.00  15.00
  -9.00   8.00  12.00   8.00
   1.00   2.00  -9.00  -9.00
  -9.00  -9.00   2.00   3.00
  -9.00  -9.00   2.00   7.00
  19.00  20.00  -9.00  21.00
   2.00   3.00  -9.00  -9.00
  -9.00   4.00   2.00   1.00
  -9.00  -9.00   2.00   6.00
  -9.00  -9.00   3.00   2.00
   6.00  -9.00   3.00  -9.00
  -9.00  -9.00   8.00   2.00
  -9.00   1.00  10.00  15.00
   8.00  -9.00   3.00  -9.00
   4.00   1.00   2.00  -9.00
   4.00   6.00   2.00  10.00
   3.00   1.00   3.00  -9.00
  -9.00  -9.00   7.00   3.00
  -9.00   3.00   4.00  -9.00
   3.00   5.00   5.00   3.00
   3.00   4.00  10.00   6.00
  -9.00  -9.00   5.00   4.00
   1.00   4.00   5.00   5.00
   2.00   2.00  -9.00  -9.00
   3.00   4.00  -9.00  -9.00
   1.00   4.00   9.00   3.00
  -9.00   1.00  -9.00   7.00
   7.00  -9.00  10.00   4.00
   2.00   1.00  -9.00  -9.00
   1.00   1.00  -9.00   2.00
   1.00  -9.00  -9.00   3.00
   4.00   4.00   3.00  -9.00
  20.00   5.00   2.00  -9.00
   1.00  -9.00   2.00  -9.00
  -9.00  -9.00   1.00   2.00
   1.00  -9.00  12.00  -9.00
  -9.00   2.00   3.00  -9.00
  -9.00   6.00   5.00   5.00
   2.00   5.00   6.00   5.00
   1.00   1.00  -9.00  -9.00
   3.00   3.00   6.00   8.00
   0.00   1.00   2.00  10.00
   1.00   4.00   1.00   4.00
   1.00   4.00   1.00   2.00
   0.00   3.00  -9.00  -9.00
   2.00   6.00   6.00  -9.00
   2.00   6.00   5.00  -9.00
  -9.00  -9.00   4.00   4.00
   1.00   2.00   2.00  -9.00
   6.00  -9.00   0.00   3.00
  -9.00   1.00  -9.00   5.00
  -9.00   2.00   0.00  15.00
  -9.00   2.00  -9.00  10.00
   2.00   3.00   4.00   8.00
   4.00   6.00   5.00   3.00
  -9.00  -9.00   6.00   3.00
   1.00   5.00  -9.00  -9.00
   4.00  10.00  -9.00  -9.00
   7.00   3.00   5.00   8.00
   3.00  10.00   4.00   5.00
  -9.00   4.00   7.00   6.00
   4.00   2.00  -9.00  -9.00
   3.00  -9.00  -9.00   5.00
  -9.00  -9.00   3.00   2.00
   1.00   5.00   3.00   4.00
  -9.00   3.00  -9.00   2.00
   4.00   3.00   5.00   8.00
  -9.00  -9.00   1.00   4.00
   3.00   3.00   4.00   5.00
   3.00   7.00   5.00   3.00
  -9.00  10.00   5.00   7.00
  -9.00   2.00   4.00   5.00
   4.00  -9.00  -9.00   6.00
  -9.00   2.00   4.00   4.00
   5.00   8.00   7.00  15.00
  -9.00   1.00   5.00  10.00
   4.00   2.00   5.00   9.00
   1.00   4.00   2.00   2.00
   3.00   1.00  11.00  -9.00
   1.00  -9.00   6.00   7.00
  -9.00  -9.00   2.00   2.00
   7.00  12.00  -9.00   5.00
   3.00  -9.00  -9.00   6.00
   2.00   2.00   9.00  10.00
   1.00   2.00  -9.00   3.00
  -9.00  -9.00   7.00   9.00
  12.00   5.00  -9.00   5.00
  -9.00   1.00   8.00   2.00
  10.00   6.00   9.00  10.00
   1.00   1.00  -9.00  -9.00
  -9.00   2.00   2.00  -9.00
   4.00   5.00  -9.00   2.00
   4.00  10.00   5.00  -9.00
   1.00   2.00   3.00   1.00
   3.00   8.00   2.00   3.00
   5.00   7.00   4.00   4.00
   1.00   3.00   5.00   5.00
   3.00   4.00  -9.00  -9.00
   4.00  -9.00  -9.00   1.00
   1.00   1.00   8.00  10.00
  -9.00   5.00   6.00   4.00
   2.00   3.00   3.00  -9.00
  15.00   6.00   5.00   3.00
  15.00  10.00  -9.00   7.00
  -9.00   2.00   0.00   3.00
   1.00  -9.00   1.00  -9.00
   3.00  20.00   8.00   5.00
   1.00   4.00  -9.00  -9.00
  -9.00   2.00   4.00   6.00
  13.00  -9.00  -9.00   3.00
  -9.00   4.00   4.00   7.00
   1.00   2.00   1.00   3.00
  12.00   1.00  -9.00  -9.00
  -9.00   1.00   5.00  -9.00
   7.00  -9.00  -9.00  15.00
  -9.00   2.00   4.00   3.00
   2.00   3.00  -9.00  -9.00
  -9.00  -9.00   1.00   3.00
  -9.00   1.00   1.00   4.00
  -9.00   2.00   2.00  -9.00
  -9.00   1.00   1.00  -9.00
  -9.00   2.00  -9.00   1.00
  -9.00   2.00   8.00   6.00
  -9.00   4.00   6.00  -9.00
   3.00   1.00  -9.00  -9.00
  -9.00   1.00   4.00  10.00
  -9.00   1.00   6.00  -9.00
  -9.00   6.00   1.00   3.00
  -9.00  -9.00   1.00   5.00
   1.00  -9.00  -9.00   3.00
  -9.00   5.00   7.00  -9.00
   6.00   5.00  -9.00  -9.00
  -9.00  -9.00   6.00   4.00
  -9.00   1.00   3.00   5.00
  -9.00   2.00  -9.00  10.00
  -9.00   1.00  -9.00   2.00
  10.00   2.00   4.00   3.00
  -9.00   1.00  -9.00   4.00
  -9.00  -9.00   2.00   3.00
   5.00   4.00  -9.00  -9.00
   2.00   5.00  -9.00   1.00
   1.00  -9.00   2.00   2.00
  -9.00   3.00   3.00   3.00
   5.00  -9.00   6.00   5.00
   4.00   6.00   9.00   2.00
   4.00   7.00  -9.00  -9.00
   2.00   2.00   2.00   2.00
   0.00   2.00   0.00   2.00
   4.00   3.00   3.00   4.00
   1.00  -9.00  10.00   5.00
  -9.00  -9.00   2.00   2.00
   1.00   5.00   5.00   5.00
   0.00   3.00   9.00   8.00
  -9.00   2.00   1.00  -9.00
   5.00  12.00   5.00  -9.00
  -9.00   5.00   8.00  -9.00
  15.00  10.00  11.00  -9.00
   1.00   1.00   4.00   5.00
   1.00  -9.00  -9.00   8.00
  20.00  -9.00  10.00   1.00
   0.00  -9.00   2.00   1.00
  -9.00  -9.00   1.00   3.00
   3.00   4.00   4.00   4.00
   2.00   3.00   2.00   3.00
   1.00   1.00   2.00   4.00
   1.00   2.00   3.00   3.00
   1.00   9.00   3.00   4.00
   2.00  -9.00  -9.00   2.00
  -9.00  -9.00   2.00   2.00
  -9.00   1.00   2.00   1.00
  -9.00  19.00  15.00  -9.00
   5.00   5.00   8.00   7.00
   5.00  -9.00   5.00   4.00
   4.00   3.00   4.00   5.00
   2.00   1.00  -9.00  -9.00
  -9.00  -9.00   2.00   3.00
   2.00  -9.00  -9.00   4.00
  -9.00  -9.00   4.00   5.00
  -9.00  -9.00  22.00   5.00
  -9.00   7.00   1.00   6.00
   2.00   5.00  -9.00   2.00
   2.00  -9.00   3.00   3.00
   1.00  -9.00   7.00   4.00
  -9.00  -9.00   4.00   7.00
  -9.00   1.00   4.00  -9.00
  -9.00  -9.00   2.00   1.00
   3.00   3.00  20.00   8.00
  -9.00   1.00   1.00   5.00
   4.00   2.00   2.00   1.00
   1.00  -9.00   1.00   3.00
   1.00  -9.00  -9.00   1.00
   1.00   4.00  -9.00  -9.00
  -9.00   5.00   5.00   7.00
   1.00   6.00   6.00   3.00
  -9.00   2.00   2.00   4.00
   1.00   1.00   5.00   2.00
  -9.00   2.00  -9.00   2.00
  -9.00   1.00  -9.00   5.00
   2.00   7.00  -9.00   5.00
   5.00   5.00   7.00   7.00
   2.00   6.00   5.00   3.00
   2.00   2.00   1.00   3.00
   1.00   1.00  -9.00  -9.00
  -9.00   1.00   4.00   2.00
  -9.00   1.00  -9.00   0.00
   2.00   2.00   4.00  -9.00
  -9.00  -9.00   1.00   1.00
   4.00  10.00   5.00  -9.00
  -9.00   1.00   2.00   1.00
  -9.00   3.00   5.00   5.00
   8.00   5.00   6.00   7.00
   1.00  -9.00   2.00  -9.00
   6.00   7.00   6.00   6.00
  20.00   7.00   3.00   3.00
  15.00  12.00   4.00   3.00
  -9.00   1.00  -9.00   5.00
  -9.00  -9.00   1.00   1.00
   1.00   1.00   2.00  -9.00
  -9.00   1.00   1.00   1.00
  -9.00  -9.00   1.00   3.00
  -9.00  10.00   7.00  10.00
   4.00   7.00  19.00  -9.00
   4.00  -9.00   6.00   5.00
  -9.00   1.00   3.00   3.00
   2.00  -9.00  -9.00   2.00
   2.00   3.00   2.00   4.00
  -9.00   1.00  -9.00   1.00
  -9.00  -9.00   1.00   0.00
   1.00   1.00   4.00   3.00
   3.00   2.00   3.00   4.00
   2.00   1.00  -9.00   1.00
   3.00   6.00   3.00   2.00
   1.00   1.00   2.00   3.00
  -9.00  -9.00   3.00   5.00
   3.00   4.00   1.00   5.00
  -9.00  -9.00   1.00   1.00
  -9.00  -9.00   2.00   5.00
   1.00   7.00   7.00  -9.00
  -9.00   2.00  -9.00   6.00
   8.00   5.00  -9.00  -9.00
  -9.00   2.00   6.00   4.00
  -9.00  -9.00   1.00   2.00
   2.00   2.00  -9.00   6.00
  -9.00   2.00   6.00   6.00
  -9.00   1.00   2.00  -9.00
   2.00  -9.00  -9.00   2.00
  -9.00   1.00  -9.00   3.00
   5.00  -9.00  -9.00  12.00
