1.001 0.822 -0.061 1.177 0.5 0.199 1.916 0.901 2.205
1.634 1.921 1.822 2.02 1.378 1.744 2.125 1.365 2.797
1.952 2.899 2.515 2.218 1.496 1.972 2.099 2.542 4.523
2.952 3.396 3.261 2.412 2.486 2.318 3.397 3.719 5.142
3.664 4.381 2.673 4.206 3.145 4.47 4.251 3.29 3.287
3.339 2.465 3.631 2.537 3.149 4.348 4.867 4.403 4.078
1.609 1.998 1.409 3.026 1.98 1.817 1.35 3.123 1.555
2.47 1.528 1.624 2.372 0.921 0.842 1.881 2.414 2.001
4.566 4.277 4.916 5.129 5.343 4.633 3.554 3.79 2.808
3.422 2.696 3.639 3.704 3.958 3.851 2.1 2.024 2.9
3.877 4.169 4.06 2.944 4.366 3.5 4.841 2.391 3.139
2.81 1.642 2.54 2.018 1.206 1.42 2.751 3.099 3.4
0.438 0.733 0.729 1.296 1.427 0.376 1.876 2.085 1.88
2.969 3.299 2.887 3.129 2.596 3.827 3.89 2.758 2.922
4.228 2.985 2.273 4.022 3.812 3.526 3.838 3.58 4.014
3.264 3.246 2.78 2.824 3.789 2.91 2.203 2.901 4.447
1.507 2.304 2.89 2.803 2.714 2.252 1.751 3.331 1.924
3.897 3.821 4.05 3.609 3.736 2.014 2.231 3.421 3.253
1.822 1.93 2.083 3.311 2.425 2.565 3.987 3.002 2.748
2.859 3.158 2.565 4.089 3.469 3.163 4.11 1.523 3.708
3.43 3.415 3.273 5.072 3.363 4.039 2.45 2.896 1.878
1.892 2.773 1.932 2.622 2.933 3.106 3.816 3.879 3.435
2.614 2.234 3.552 3.549 2.816 3.919 3.462 2.991 2.807
2.799 3.331 3.22 2.859 2.147 3.233 3.232 3.312 2.926
2.94 4.287 3.949 4.012 3.587 3.71 6.103 2.752 4.597
2.781 4.233 4.638 4.6 4.221 4.446 3.756 2.6 4.065
1.788 2.977 2.936 2.066 2.285 2.364 3.708 3.393 3.439
3.585 3.037 2.718 2.598 2.664 3.429 3.29 4.579 3.779
4.635 3.335 3.168 3.761 3.774 3.697 4.128 3.13 4.369
2.438 2.151 2.48 2.966 2.599 2.46 3.2 2.446 2.256
1.576 1.83 0.872 2.363 2.105 1.141 1.647 0.912 2.4
3.242 4.931 4.441 3.464 5.057 3.658 3.625 3.117 3.547
2.04 2.876 2.622 2.314 1.722 2.954 3.599 3.049 4.418
4.028 3.531 2.483 3.75 4.268 3.882 3.025 3.275 3.739
3.797 3.384 2.785 2.448 2.793 4.959 1.78 4.635 3.583
2.992 2.887 1.91 2.974 2.233 2.687 4.433 3.639 1.433
2.345 2.544 2.668 3.177 2.685 1.584 1.405 2.529 2.802
2.831 0.96 1.749 2.336 1.931 2.891 3.031 3.016 2.82
3.888 2.132 3.177 3.074 3.173 3.406 4.023 4.6 3.992
2.868 2.762 3.724 3.306 2.67 2.577 1.568 2.216 3.473
2.231 2.198 3.142 1.069 2.63 2.165 2.312 1.914 3.945
3.358 2.494 2.454 2.296 1.089 3.954 3.648 2.39 4.101
3.225 4.226 3.82 4.459 5.01 4.383 2.287 2.902 0.437
2.486 2.278 4.213 2.642 2.694 2.232 2.721 2.39 2.531
1.003 3.393 2.118 2.121 1.328 1.457 2.747 1.307 1.914
2.686 3.143 3.042 3.266 2.983 2.51 3.438 1.871 1.708
3.291 3.899 3.402 3.75 2.429 1.594 4.106 4.423 3.809
2.194 2.697 1.975 1.676 1.094 2.121 2.663 2.64 2.107
2.302 2.305 2.426 3.021 2.786 1.174 4.131 2.664 3.618
0.697 3.135 2.372 2.616 2.969 1.687 3.435 2.43 1.699
3.398 2.864 2.316 2.588 3.25 3.756 1.085 1.688 1.523
2.778 1.422 1.873 3.586 1.934 1.838 3.878 1.978 2.392
0.86 1.239 2.739 0.71 0.979 0.53 4.043 1.021 0.83
3.573 3.774 3.06 4.451 3.63 4.704 3.584 3.755 1.062
4.209 3.933 4.396 4.326 3.636 3.414 2.242 3.226 3.897
1.957 2.508 1.737 1.698 1.803 3.913 2.257 2.646 3.43
1.248 0.47 1.183 0.951 1.409 2.777 2.253 3.287 2.304
4.732 4.445 5.212 3.926 3.795 3.23 3.615 4.218 3.787
2.527 2.94 2.872 1.65 2.24 2.794 1.434 2.093 2.061
2.119 2.394 1.274 1.045 1.457 1.065 2.87 2.919 2.465
0.954 0.255 1.983 0.646 0.934 -0.234 1.746 2.698 0.665
2.933 4.437 3.704 3.269 3.962 3.591 2.869 3.684 2.656
4.047 4.266 3.991 2.785 3.289 3.444 2.631 3.733 1.982
4.037 2.541 1.477 1.412 2.131 1.511 1.985 1.38 2.453
3.386 3.798 3.257 3.253 4.613 4.033 3.945 4.758 3.939
3.772 3.307 3.429 2.411 3.185 3.653 3.485 3.833 2.846
4.924 4.284 4.335 4.674 4.957 4.152 3.422 3.468 3.74
1.694 1.464 1.567 1.59 0.327 0.97 2.221 0.975 0.836
3.855 3.202 4.178 4.134 2.888 3.714 3.929 3.044 2.575
5.115 4.826 4.277 4.742 3.416 4.358 3.981 3.851 3.042
2.375 2.155 1.432 1.875 2.753 2.203 3.184 2.175 1.988
1.585 1.068 1.454 2.156 1.773 1.84 2.305 2.462 1.612
2.61 1.737 1.029 2.526 2.763 1.911 3.535 2.22 3.315
0.593 1.125 2.595 1.145 0.932 0.444 1.127 0.269 1.588
2.824 3.159 2.552 2.885 2.308 3.981 2.29 2.526 3.489
1.967 2.411 3.227 2.712 3.005 2.389 1.89 3.689 2.608
2.794 3.173 4.77 4.105 3.473 2.692 3.666 1.73 2.91
0.307 1.388 0.228 1.909 2.069 1.669 1.937 3.035 2.016
4.394 5.147 4.103 3.622 3.624 4.381 3.837 2.551 3.138
2.043 2.213 1.599 1.76 1.268 2.784 3.016 3.114 2.898
3.343 3.065 2.713 2.886 1.773 2.947 2.682 3.63 2.634
3.096 2.592 2.625 2.982 3.427 2.309 3.379 3.319 2.687
3.164 3.233 4.296 3.92 3.968 2.661 2.664 2.227 3.943
2.638 1.896 2.274 3.385 1.44 1.63 3.364 2.664 2.704
4.884 4.937 4.608 5.103 4.821 4.662 6.433 4.73 5.049
2.714 2.042 3.131 1.944 2.767 2.646 0.721 1.795 2.657
4.76 5.683 5.424 5.985 4.818 5.485 5.564 5.809 4.319
3.292 4.13 4.608 4.085 4.215 3.716 3.497 3.46 2.781
2.14 1.224 2.665 0.749 2.541 1.192 1.556 2.487 1.894
3.215 2.101 2.491 2.329 1.484 3.279 4.2 5.201 3.608
2.444 2.027 2.565 2.621 3.335 3.108 3.16 3.463 2.301
3.971 3.909 4.118 3.237 4.176 4.455 3.246 2.273 4.531
2.525 2.878 4.234 2.736 2.467 3.632 2.38 1.462 2.999
2.106 4.208 2.389 4.201 3.166 2.995 3.707 4.395 1.321
3.421 3.88 3.226 4.44 3.407 3.892 2.716 2.797 1.398
2.754 1.805 3.16 2.983 2.485 3.501 1.365 1.364 3.416
2.667 1.966 3.201 3.207 2.78 1.836 2.993 2.138 2.815
3.524 3.032 3.985 4.479 3.811 4.422 3.701 3.304 3.029
1.455 1.505 0.934 1.399 1.986 2.096 1.853 3.21 2.379
2.94 2.302 3.541 3.298 2.882 2.814 2.924 2.699 3.349
3.658 3.316 4.288 4.072 4.053 4.148 2.932 2.769 2.853
2.885 1.338 1.812 2.417 1.704 2.437 4.398 3.759 3.835
3.451 3.316 2.368 3.26 3.084 2.539 3.531 2.359 3.755
3.202 3.539 3.179 3.621 4.434 4.363 2.62 4.109 3.887
2.89 3.285 3.119 3.81 2.82 3.226 3.993 4.063 2.631
3.682 3.769 3.627 3.375 3.847 4.359 3.849 3.72 3.871
4.328 2.259 1.718 2.182 3.32 2.313 4.33 2.969 2.12
3.514 4.318 4.458 4.906 4.077 5.417 4.786 2.474 3.555
2.808 4.006 3.775 4.429 4.116 3.731 3.939 5.074 4.259
3.093 3.759 2.755 3.71 3.111 3.049 3.989 4.339 2.567
2.378 1.866 3.157 2.657 3.323 3.354 2.539 3.106 2.227
3.367 3.562 2.996 2.771 2.625 4.02 3.982 3.681 3.454
4.131 3.077 4.761 3.694 3.598 4.031 2.192 2.93 2.734
0.815 0.596 1.939 0.899 1.621 1.804 1.953 0.93 1.332
3.251 1.201 2.926 2.256 1.835 2.457 3.006 3.446 4.199
2.883 3.084 4.684 4.322 3.197 3.545 1.426 2.189 2.084
-0.352 0.678 0.748 0.914 1.23 0.99 1.001 1.822 1.256
1.777 3.289 1.731 1.364 2.35 2.512 2.421 3.291 3.669
2.456 4.084 2.147 2.121 2.545 3.277 3.492 3.96 4.275
2.569 2.816 2.067 2.522 3.348 2.706 2.965 2.554 3.898
3.091 4.315 3.64 3.696 3.483 3.445 2.854 3.248 3.993
3.554 2.997 2.873 1.76 2.884 2.674 3.016 2.708 3.308
2.158 2.533 2.583 1.888 1.423 2.574 1.52 1.774 2.105
5.17 4.132 4.692 5.055 4.997 4.097 4.427 5.742 4.922
1.543 2.833 2.601 2.498 2.072 2.382 1.713 3.032 1.627
1.361 0.631 3.403 2.068 1.431 2.622 4.353 3.904 2.693
2.698 2.955 2.646 2.354 2.038 1.799 3.208 2.221 2.446
2.722 3.834 3.712 3.989 3.402 3.571 2.446 2.754 1.275
4.794 3.52 2.601 4.256 4.434 4.956 2.738 2.006 2.632
4.019 4.084 4.522 4.097 4.773 4.687 4.777 5.329 4.478
2.189 2.896 2.768 2.898 3.209 2.636 2.62 3.916 2.809
2.957 3.081 2.044 2.013 2.214 2.545 1.788 3.029 2.798
4.06 6.039 5.127 4.259 4.056 4.709 4.519 4.367 4.874
3.321 3.323 3.396 4.444 2.651 3.154 4.588 4.636 4.229
1.28 2.225 2.382 2.705 1.686 2.1 1.638 1.621 1.61
3.322 3.922 4.345 4.219 4.146 2.856 3.104 3.187 5.067
3.974 5.81 4.35 5.118 4.645 4.138 4.521 3.533 3.007
2.105 3.885 3.458 2.198 3.226 2.599 3.389 3.327 4.267
2.476 1.266 3.351 1.861 2.354 3.195 3.106 1.944 1.441
1.706 2.465 3.222 2.628 3.912 2.164 3.24 4.054 4.05
3.88 3.552 4.136 4.366 4.387 4.528 4.33 3.659 4.096
4.842 4.179 4.63 4.611 3.559 4.095 2.377 2.028 3.312
1.838 1.99 2.668 2.873 2.867 2.312 2.74 4.713 3.777
3.557 3.747 3.223 3.203 2.761 3.334 4.239 2.942 3.591
1.324 1.469 1.667 2.969 0.809 2.321 2.946 2.214 1.339
3.102 2.183 1.523 3.027 3.496 1.942 1.7 2.058 0.915
2.19 4.302 3.269 3.213 4.755 2.897 1.484 2.188 1.588
2.546 1.367 1.929 3.256 3.192 2.325 2.545 3.934 3.532
1.318 1.511 2.845 2.489 2.981 2.863 3.891 1.559 0.362
3.581 1.699 2.825 1.818 1.814 0.766 3.131 2.547 1.509
1.672 2.836 3.386 3.351 2.703 3.764 2.432 3.779 3.735
1.604 1.409 0.301 2.151 1.623 1.766 1.301 3.442 3.67
4.183 3.351 3.259 2.367 3.412 3.091 2.376 3.327 2.85
3.037 3.491 2.236 2.353 3.536 3.841 2.648 3.484 4.746
2.403 3.14 3.651 4.128 3.283 4.625 4.074 3.727 4.273
1.412 1.627 2.373 2.71 2.223 1.481 3.126 2.82 2.099
2.328 2.99 3.589 2.837 2.738 2.613 2.756 4.037 2.23
3.807 4.172 4.493 4.975 4.763 3.183 3.028 4.152 3.318
1.179 2.334 2.07 1.914 2.306 1.348 3.551 4.114 3.665
3.68 3.076 1.792 3.771 2.53 1.661 1.652 1.828 2.986
2.768 2.616 2.709 1.711 3.088 2.71 1.941 0.887 1.717
2.414 2.942 2.567 3.164 3.098 2.291 1.546 2.055 2.6
2.054 2.374 2.258 1.667 3.487 1.704 4.361 2.33 3.071
3.566 3.683 4.161 3.187 3.229 2.96 2.787 3.077 2.908
2.514 2.673 2.615 1.937 2.71 1.838 2.936 2.653 2.697
2.27 3.23 2.635 1.705 2.282 2.366 0.919 2.557 2.316
3.204 2.882 1.759 1.612 1.815 2.547 3.107 1.53 4.03
2.459 3.06 2.541 2.046 1.443 2.784 1.726 3.614 2.727
3.872 3.71 3.804 4.209 2.937 4.047 1.839 3.015 3.312
1.747 1.919 2.69 2.042 1.749 3.558 2.584 3.284 3.406
2.81 3.83 3.072 3.16 3.329 2.816 2.06 3.985 3.339
3.178 3.273 2.777 3.005 2.339 2.193 2.85 2.528 2.184
2.218 1.385 3.652 2.285 2.536 3.047 3.422 3.749 3.412
2.992 1.762 2.67 3.135 3.473 2.749 4.456 1.553 2.458
2.02 3.089 2.32 2.289 2.979 1.979 2.631 3.602 1.851
4.42 4.166 5.167 5.114 5.054 4.666 4.643 3.924 4.492
2.358 1.607 2.676 2.046 1.497 1.389 2.742 2.493 1.786
2.752 2.771 3.009 2.665 2.56 2.662 2.973 1.72 1.384
2.824 4.058 3.451 3.82 2.744 3.832 1.183 3.225 0.981
4.834 4.286 4.187 4.47 5.653 4.596 3.318 4.627 4.341
2.497 1.8 1.114 3.036 2.709 2.381 2.096 2.89 3.898
3.418 3.703 2.413 1.62 2.819 3.306 3.667 4.249 3.629
2.747 2.588 3.122 3.566 3.251 2.724 2.656 3.904 4.705
2.654 3.926 2.251 2.757 3.649 4.502 3.354 3.895 4.177
3.488 3.353 2.992 2.577 4.427 4.349 2.951 5.204 3.113
2.553 2.143 3.331 2.539 2.394 3.45 4.767 4.994 4.832
3.483 2.601 3.695 4.174 4.493 3.661 4.237 4.393 3.879
4.442 3.712 4.93 3.831 5.001 3.881 4.734 4.774 3.82
2.533 2.707 2.658 2.552 3.279 3.109 0.832 2.928 3.237
3.492 3.526 2.89 3.851 3.115 4.011 1.817 1.672 2.401
2.561 3.064 3.147 1.561 3.573 3.631 3.596 4.373 2.242
2.387 2.792 2.463 3.572 2.744 2.446 3.212 1.76 1.949
2.022 0.772 1.666 3.025 1.607 1.571 3.128 2.714 3.245
1.952 1.316 1.619 1.579 1.277 1.354 3.071 3.45 3.145
3.271 3.629 2.756 2.739 1.953 3.166 3.207 2.86 2.083
2.062 3.045 3.227 2.789 2.701 3.018 2.254 2.656 2.781
2.862 3.355 1.385 3.377 3.061 2.291 3.442 2.81 2.796
4.473 3.501 2.933 3.193 2.775 3.294 3.713 2.187 2.947
2.117 2.406 2.112 3.394 2.482 3.24 3.098 2.182 2.27
3.282 3.947 3.31 3.711 5.171 3.411 3.035 2.641 2.965
2.053 3 1.593 2.25 2.443 1.948 2.989 3.019 3.038
3.093 1.932 3.921 3.205 2.329 2.126 2.696 2.469 3.199
3.217 4.212 2.977 2.589 2.461 3.096 3.334 2.339 3.995
2.308 2.135 2.034 2.385 3.413 2.86 4.145 4.035 3.639
1.754 0.204 0.866 0.955 2.497 1.582 0.686 1.798 2.793
2.766 2.946 2.987 2.39 1.652 0.921 3.055 3.654 2.449
3.623 3.572 2.627 3.371 0.912 3.194 3.189 2.647 2.806
2.828 2.923 3.166 2.74 2.387 2.821 2.989 4.201 2.11
3.274 3.061 3.872 2.916 3.055 3.03 1.827 2.002 3.858
3.805 4.362 2.357 3.281 4.483 2.841 4.178 3.651 5.064
3.213 4.519 2.51 3.787 3.495 3.261 1.219 2.08 4.319
4.188 4.58 3.124 3.645 3.101 4.19 2.515 2.591 4.242
2.51 3.939 1.639 3.834 1.597 2.409 2.241 1.584 1.732
3.538 3.569 2.187 2.931 1.887 3.108 2.121 2.811 0.966
1.92 2.253 1.756 2.961 2.905 1.876 3.302 2.812 2.986
2.425 1.885 3.06 2.312 2.24 2.265 2.309 2.552 2.03
3.098 2.763 2.94 2.948 4.517 3.091 3.667 2.573 3.112
2.465 1.749 1.618 2.176 3.29 2.874 2.952 2.452 4.019
2.711 3.522 3.187 3.262 3.41 3.594 2.143 3.07 3.229
2.314 3.637 1.353 3.445 2.496 3.159 5.084 4.535 4.279
3.751 3.795 2.545 3.757 2.989 2.93 3.654 5.165 5.264
3.421 4.205 4.092 3.597 3.967 4.379 2.596 2.821 2.69
2.81 2.891 2.654 3.33 3.268 2.876 3.568 2.117 3.745
4.236 3.335 4.504 3.867 1.959 4.025 3.95 2.758 2.651
1.796 2.041 2.509 2.292 2.738 1.457 1.942 2.222 2.841
3.834 3 3.422 4.45 3.887 3.22 3.5 3 2.961
2.966 3.449 2.307 2.405 3.128 2.791 2.757 2.311 2.814
2.932 3.416 3.503 3.12 3.601 2.369 4.351 2.703 2.56
3.291 2.923 2.863 2.312 3.072 2.971 2.668 1.505 1.327
2.469 3.56 4.88 3.565 4.459 2.972 3.16 1.85 4.733
3.358 2.62 2.28 2.991 2.422 2.928 1.235 3.33 3.245
3.322 3.151 2.901 3.407 3.255 3.798 2.051 0.875 1.878
3.466 3.103 3.775 4.072 3.633 4.51 4.942 3.883 3.236
2.717 2.083 3.422 1.455 1.677 1.848 2.316 4.337 5.147
1.904 3.022 1.873 2.718 2.333 2.525 2.38 2.698 2.949
2.829 2.215 2.255 2.454 3.282 3.336 1.581 2.04 1.654
2.41 2.656 1.958 2.885 3.103 2.884 2.425 1.261 2.504
3.623 2.811 4.133 3.465 3.745 3.392 2.25 2.185 3.429
4.145 5.091 3.762 3.831 2.934 4.638 4.596 4.603 3.082
1.086 0.134 1.87 1.934 0.815 0.802 2.432 1.501 2.605
3.981 4.493 4.022 3.736 4.581 2.908 4.208 3.591 2.502
3.227 2.951 3.454 2.338 1.745 2.806 2.332 2.586 1.931
3.68 3.602 4.139 3.672 3.498 4.545 2.934 3.053 4.418
4.746 2.135 4.092 4.103 3.718 2.574 2.81 3.238 3.227
2.349 2.331 2.917 1.936 2.501 2.883 3.681 3.157 3.377
3.5 1.831 3.945 3.642 3.971 1.849 2.994 2.734 2.55
2.285 1.808 2.067 1.341 2.147 1.051 2.581 2.649 1.436
4.712 4.194 2.829 1.843 3.155 3.431 3.306 3.883 3.587
2.359 2.989 2.766 2.596 2.689 3.257 4.166 3.805 3.292
4.32 4.001 4.263 3.986 3.252 4.11 2.51 2.346 3.444
1.221 0.788 0.548 0.576 0.415 0.929 1.77 0.821 3.888
3.644 4.372 2.914 4.164 4.173 5.124 3.044 2.212 4.722
2.412 1.345 2.514 2.147 2.85 1.699 2.114 2.481 2.988
2.442 2.265 2.833 2.476 3.234 3.726 1.616 0.611 1.126
3.196 2.184 2.919 4.131 3.821 3.923 3.111 3.343 2.106
2.961 2.243 2.771 2.554 1.676 3.779 4.546 4.004 4.335
2.292 2.685 2.705 3.454 2.706 3.336 2.802 3.861 3.895
2.481 2.68 2.496 2.878 3.597 3.033 2.025 2.803 1.479
3.289 3.246 4.025 2.462 3.213 3.266 1.788 2.789 3.082
3.843 3.02 3.341 3.573 5.206 3.142 4.273 3.213 4.196
1.955 2.096 2.801 1.708 1.525 1.376 2.495 2.694 1.151
3.85 3.13 3.746 3.559 4.166 3.143 1.309 2.833 2.683
1.561 1.8 1.699 1.802 1.068 0.75 1.602 1.644 2.852
5.318 4.447 4.857 4.738 5.016 4.658 2.797 3.336 3.008
3.261 4.119 3.824 2.827 3.43 3.576 2.036 1.609 1.265
3.118 3.796 2.734 2.094 2.189 3.406 3.921 2.702 2.983
2.412 3.346 2.69 3.633 2.721 3.044 1.935 3.954 3.344
4.876 4.448 5.027 3.657 4.718 3.303 2.937 2.956 3.633
2.525 3.381 3.831 3.766 3.3 3.686 3.009 3.685 4.697
2.085 1.651 2.821 1.955 3.413 2.946 3.839 2.881 3.43
3.592 3.555 1.997 2.083 3.874 4.268 2.45 3.3 2.218
3.604 4.686 3.335 4.253 3.419 4.392 2.983 2.753 3.153
2.963 3.241 3.012 3.753 2.158 3.161 1.615 2.819 4.713
2.545 2.712 3.656 2.833 1.425 2.402 2.084 2.253 2.175
2.473 3.628 2.981 1.792 1.945 2.134 1.957 2.403 0.876
3.799 5.125 3.707 3.969 3.916 4.611 4.192 3.688 3.616
3.006 2.409 1.239 0.949 2.237 3.149 2.681 1.199 2.058
3.011 3.122 4.231 2.984 3.716 4.079 2.446 2.966 3.194
4.108 2.544 3.305 3.799 2.351 3.456 3.09 2.149 1.683
2.289 3.787 2.608 2.393 2.787 2.534 3.099 2.449 2.918
5.63 4.271 4.806 4.664 4.904 5.453 3.171 4.116 2.099
2.001 2.703 2.341 1.748 2.229 1.752 1.887 2.901 3.173
4.877 3.572 5.683 3.235 4.794 5.46 4.915 3.561 2.925
1.598 3.463 1.356 1.999 2.303 1.566 1.218 1.906 1.397
3.026 3.487 2.867 3.644 2.155 2.435 2.657 3.511 2.355
3.895 3.717 2.876 3.654 3.116 3.234 3.593 3.294 3.636
4.26 4.901 4.87 4.775 5.22 3.814 4.789 3.638 4.653
2.725 3.282 3.76 5.228 2.878 2.737 3.192 1.696 2.235
3.376 3.336 2.867 3.637 4.017 4.111 2.923 3.787 3.943
3.27 2.903 3.724 3.271 3.577 3.293 1.732 2.395 3.703
3.471 4.166 3.435 3.064 3.744 4.335 3.838 2.517 4.426
1.934 2.376 2.546 2.509 2.602 3.99 2.289 2.435 2.698
3.34 3.87 2.184 2.952 3.461 3.297 1.49 1.674 0.716
4.373 4.509 4.242 4.294 3.472 5.103 2.454 2.418 2.832
1.606 2.984 2.39 3.308 0.733 2.182 2.135 2.208 3.028
1.877 0.639 2.607 1.684 3.069 1.371 2.789 3.089 2.829
1.783 2.091 1.21 1.581 1.549 1.944 2.716 1.087 0.328
1.953 1.526 2.747 2.449 2.551 2.022 2.786 4.988 2.683
2.023 1.768 2.535 3.513 2.766 2.892 4.147 2.838 2.7
2.673 3.228 3.732 2.55 4.114 2.845 3.613 3.558 4.173
3.551 5.104 3.514 3.197 3.017 2.817 3.406 2.319 2.514
2.025 3.035 2.077 3.305 2.997 2.72 2.489 4.718 2.226
1.577 1.817 2.053 2.162 1.958 3.269 2.759 1.849 3.495
2.895 3.129 2.424 2.054 2.439 2.191 2.29 3.622 3.887
3.461 3.125 2.361 3.573 4.476 3.173 4.92 4.075 5.132
1.721 2.04 1.702 0.362 1.768 1.406 2.103 2.048 3.221
3.96 3.816 3.44 3.834 4.743 3.363 2.99 3.231 4.136
2.538 2.381 1.594 2.965 1.269 3.084 1.537 3.355 2.048
4.382 2.993 5.186 3.599 5.513 3.37 4.437 3.783 4.74
4.226 4.026 2.686 3.085 4.192 3.941 4.115 3.425 4.253
2.417 3.035 3.256 2.759 2.469 2.614 2.089 3.764 2.015
2.324 0.94 3 2.878 2.696 2.612 3.528 3.096 2.451
2.873 2.864 2.441 3.348 3.156 1.718 0.487 2.49 2.68
2.517 3.069 3.652 2.849 3.116 2.569 2.434 2.397 1.733
3.266 3.261 2.835 1.947 2.645 4.28 1.19 4.01 3.055
2.525 1.832 3.562 2.033 2.064 2.46 3.092 3.71 2.544
2.514 3.377 2.79 3.858 3.708 2.104 3.394 2.477 3.4
3.553 4.087 4.713 4.656 4.352 3.204 2.595 3.26 2.663
4.262 4.034 4.669 4.704 4.606 3.536 3.795 3.604 3.662
3.619 3.153 3.175 2.618 3.564 3.935 3.942 3.712 2.875
4.889 3.327 4.042 3.668 3.973 4.598 3.358 3.16 2.752
4.548 5.044 4.388 4.565 5.49 4.534 3.785 3.875 3.912
3.574 4.3 3.134 3.93 3.023 3.449 2.792 0.787 2.024
3.086 1.756 2.406 2.608 3.264 2.439 3.478 3.429 3.695
3.969 3.326 2.693 3.931 2.973 2.907 0.94 1.455 0.88
2.797 2.906 4.611 3.285 2.685 2.995 1.742 1.28 1.319
3.463 2.534 2.661 3.036 1.917 2.647 3.373 3.141 5.387
4.051 2.874 2.801 3.436 3.64 2.552 3.708 6.109 5.742
3.265 3.483 2.258 3.551 3.832 2.981 2.363 2.865 2.243
1.943 2.613 2.528 2.137 2.983 2.117 2.131 2.775 2.797
3.021 2.897 3.134 3.169 2.855 3.609 3.051 2.184 2.277
3.816 3.872 4.336 3.543 4.798 4.853 4.301 3.588 4.535
1.502 1.565 0.755 0.46 1.135 0.768 3.507 4.83 3.552
3.497 3.723 2.79 2.105 2.235 3.611 2.813 4.153 3.441
5.1 3.29 3.563 2.877 3.175 2.51 4.38 2.882 2.561
4.428 4.733 4.152 4.695 4.228 4.605 3.947 4.203 4.273
3.136 2.499 3.541 3.144 2.984 3.747 2.772 3.574 4.015
2.248 2.551 0.417 1.283 1.848 2.413 2.377 2.276 3.683
3.166 2.433 1.271 2.965 1.319 2.86 1.506 1.346 2.443
3.2 2.996 3.285 3.209 4.226 3.807 4.283 3.346 3.955
2.37 3.089 3.083 3.025 2.329 2.061 1.765 1.852 1.705
4.745 4.602 3.256 3.981 2.943 3.681 5.433 3.206 3.07
2.767 3.031 2.585 2.615 2.405 2.536 3.682 2.987 4.011
3.02 1.99 2.215 2.768 2.781 2.643 1.968 1.734 2.369
3.216 3.424 3.246 3.502 3.446 3.131 4.104 2.685 4.051
2.09 3.527 2.956 1.171 3.043 1.895 2.2 2.351 2.069
4.704 3.481 4.27 3.515 4.276 3.077 2.949 2.905 2.761
3.206 2.747 3.817 2.064 3.333 2.196 2.297 0.882 1.856
4.054 3.599 4.699 3.659 3.943 4.074 3.854 3.376 3.489
3.637 2.365 2.863 3.042 2.584 2.994 3.421 3.49 2.418
1.852 1.928 1.856 2.877 2.177 2.634 3.339 2.157 3.966
2.804 2.94 1.849 2.711 2.49 2.314 2.676 2.306 1.39
3.328 3.158 2.967 3.851 3.427 4.417 3.143 3.832 5.96
2.745 3.269 3.115 3.363 3.816 2.148 0.936 1.837 2.536
4.457 4.211 4.308 4.879 3.631 4.025 2.635 3.259 2.741
2.783 3.203 2.497 2.13 1.768 2.985 1.095 0.762 1.162
1.879 2.619 2.938 1.773 2.922 2.806 2.505 2.207 2.858
4.506 3.936 5.482 4.605 5.64 4.808 2.53 3.001 2.744
4.545 4.531 4.61 4.434 3.757 3.875 3.081 3.232 2.376
2.581 3.2 3.251 2.836 4.032 3.557 0.676 3.05 3.055
2.738 4.338 2.227 3.519 2.724 3.257 3.557 3.307 2.798
3.078 3.426 2.372 3.566 2.706 3.015 3.131 2.26 2.794
5.022 4.202 3.306 5.445 3.558 4.694 5.185 5.221 3.669
4.29 3.49 2.331 3.175 3.671 3.541 3.332 1.681 3.227
4.54 4.221 3.946 5.4 4.189 4.611 3.852 4.11 3.61
3.117 3.399 1.912 2.007 2.353 2.749 2.721 0.125 1.506
2.366 2.493 3.048 2.199 3.094 2.741 2.206 1.852 2.182
5.05 4.216 3.614 4.066 4.058 4.379 2.904 3.193 3.916
2.951 4.304 3.448 3.417 3.924 4.742 2.62 1.404 2.39
2.377 3.897 3.172 3.585 3.367 3.833 3.894 2.651 3.497
1.168 2.376 1.459 2.962 2.381 2.373 2.262 0.676 1.849
6.974 4.949 4.968 5.966 5.868 5.658 4.469 3.976 4.651
2.99 3.767 3.968 3.334 3.398 2.927 1.331 2.417 2.017
3.255 1.783 2.81 2.34 2.36 3.391 2.771 3.634 4.059
2.808 1.322 1.93 3.803 2.163 2.309 1.356 2.412 -0.081
4.085 3.746 4.434 4.649 4.42 4.532 3.056 3.614 2.959
1.607 3.082 2.205 2.77 2.656 2.101 2.99 3.601 2.556
1.72 1.858 1.913 1.786 1.119 2.209 1.847 1.12 1.669
1.77 2.196 1.388 1.611 1.642 2.239 3.142 2.62 2.244
3.188 4.134 3.689 3.326 3.681 4.278 1.414 2.7 2.289
3.26 3.029 3.499 3.417 3.831 3.293 3.921 4.483 2.736
3.02 2.617 3.114 4.025 3.433 2.721 2.302 2.484 1.863
3.277 2.31 3.314 3.853 2.813 3.382 4.171 3.804 4.153
4.18 3.047 3.33 3.301 4.065 3.497 1.855 1.988 2.387
3.905 3.799 4.332 3.832 4.402 3.899 4.906 4.883 3.018
2.802 3.856 1.82 2.744 2.179 2.564 2.317 3.494 3.273
3.007 3.337 4.434 3.35 2.486 4.268 1.984 1.699 1.393
1.629 1.529 1.488 1.975 1.196 1.367 2.113 3.536 3.081
1.682 2.582 1.397 2.464 3.145 2.427 3.611 3.807 2.308
3.923 3.541 3.553 3.18 2.331 2.918 4.93 3.998 3.164
4.724 3.774 3.676 4.3 4.061 4.486 3.61 2.951 4.266
2.583 3.252 2.687 2.966 3.399 3.711 3.423 2.359 3.155
4.473 4.915 4.301 4.742 3.343 4.794 2.198 4.682 3.053
4.394 3.508 3.042 4.233 3.277 4.22 2.516 1.1 1.731
2.63 2.144 1.343 1.944 2.09 1.78 2.496 1.452 2.191
3.317 3.909 3.149 3.131 2.77 2.676 3.701 3.569 3.697
2.942 4.471 3.124 3.395 3.93 3.575 2.792 3.824 3.231
3.128 3.877 3.609 4.145 4.315 3.756 2.763 2.444 2.998
4.199 4.155 3.415 4.065 4.355 2.691 3.217 3.421 3.53
3.121 3.379 2.705 3.703 3.183 3.965 3.198 2.093 1.932
4.707 2.979 3.569 3.781 2.828 3.686 3.525 3.202 2.961
2.303 0.983 2.832 1.592 2.857 1.497 4.963 3.853 2.548
2.206 2.689 2.833 3.076 2.584 2.427 2.98 1.948 3.213
2.773 3.091 3.092 2.926 3.44 2.91 2.082 2.938 2.966
2.18 2.022 2.769 2.059 2.518 2.07 3.756 1.523 3.104
1.027 1.902 1.512 1.307 1.265 1.61 4.191 3.288 2.671
3.762 3.981 4.327 3.468 3.5 5.242 2.108 3.615 4.538
2.709 3.332 2.538 2.319 2.694 2.576 2.534 2.043 2.47
4.693 4.874 4.096 4.265 3.023 4.579 3.395 3.922 3.728
5.319 5.176 5.082 6.013 4.435 5.206 3.473 4.791 5.276
3.608 3.102 3.874 2.881 3.636 3.989 2.815 2.931 3.009
1.878 2.981 2.742 2.693 3.119 3.034 2.1 5.026 3.503
3.642 1.465 0.843 3.498 3.334 2.778 5.351 3.26 4.265
4.089 3.986 5.35 3.674 3.609 4.651 3.212 2.404 3.327
1.905 3.629 2.983 3.99 3.32 2.99 3.455 2.894 2.511
1.239 2.506 2.766 1.558 1.851 2.306 2.758 4.222 2.403
3.674 2.902 2.942 3.76 2.924 3.183 1.714 2.544 2.202
3.109 3.59 3.464 3.155 4.289 3.089 0.382 1.689 1.304
2.167 1.842 1.54 1.443 1.733 1.763 2.362 2.804 3.545
4.812 4.503 4.233 4.194 3.525 3.177 3.416 3.783 2.889
2.356 1.453 2.114 3.329 3.542 3.425 3.155 3.015 3.052
4.001 2.559 3.498 3.488 3.663 2.271 2.773 2.748 2.831
3.004 2.905 3.31 2.52 3.597 3.265 3.104 2.877 2.645
1.579 2.188 2.328 1.844 1.767 1.934 1.393 2.496 2.363
2.048 2.332 2.69 2.155 1.977 2.969 2.044 3.46 1.229
4.334 3.758 3.293 4.702 4.338 3.862 3.252 2.162 2.576
1.921 3.276 2.662 2.526 3.66 3.055 1.856 3.045 3.543
2.519 3.91 3.563 2.954 4.406 3.048 4.393 1.612 2.339
1.675 2.249 2.744 1.906 2.363 2.402 3.003 4.221 2.575
3.52 2.111 3.523 2.708 3.825 3.826 3.878 3.816 4.71
3.493 2.879 3.113 3.117 3.553 2.442 3.187 3.682 2.722
2.139 1.637 1.301 2.429 1.683 1.086 3.034 2.258 2.444
3.362 2.418 3.436 4.148 3.537 2.458 3.19 1.492 2.54
2.45 1.884 3.256 2.463 2.857 2.464 2.541 1.964 3.228
3.234 4.033 4.005 4.92 4.503 4.253 2.634 3.72 3.315
4.231 4.828 4.15 4.687 4.877 3.611 3.786 2.449 2.892
3.222 3.996 3.118 4.785 4.382 3.481 3.209 2.495 2.402
3.111 2.673 2.868 2.946 2.489 2.408 2.449 3.793 3.412
1.974 3.339 3.052 3.359 2.999 4.041 3.183 3.244 2.299
2.596 1.551 2.383 1.62 2.596 2.408 3.603 2.684 2.507
3.235 4.136 2.924 2.09 2.782 1.59 3.203 3.083 3.876
2.78 1.988 3.403 2.671 3.373 3.628 3.099 2.983 4.053
4.113 2.761 3.216 3.185 3.18 3.027 2.515 3.446 2.096
1.152 2.154 2.679 1.751 0.989 2.397 2.365 2.792 3.081
2.886 2.414 1.917 3.236 4.482 3.432 1.499 2.337 2.145
2.451 3.54 3.259 2.391 4.073 2.946 3.439 3.096 3.768
4.293 3.643 3.92 4.454 2.807 4.388 3.864 3.091 4.58
2.646 2.069 0.945 1.998 2.196 2.563 1.597 1.56 1.832
1.372 2.606 3.471 3.451 3.773 2.556 1.929 3.329 1.139
1.993 1.179 2.98 2.482 1.963 2.012 1.923 2.466 3.934
4.164 2.496 4.493 3.101 3.512 3.765 1.787 2.777 1.473
3.045 3.097 2.329 3.568 2.703 2.874 2.87 3.403 3.586
4.139 3.265 3.63 4.367 3.904 4.211 6.305 5.372 5.954
3.844 3.322 2.53 3.986 3.302 2.082 3.851 3.333 4.587
2.982 2.955 2.117 2.945 2.865 1.508 2.996 3.062 2.515
3.033 3.384 3.593 3.797 3.262 3.926 3.348 2.485 3.084
3.04 2.969 2.308 3.719 2.537 1.568 2.242 1.303 2.373
4.395 5.127 4.398 4.605 4.294 3.588 2.04 3.631 3.257
4.683 2.259 3.259 2.653 2.106 2.895 2.481 2.747 3.386
3.548 3.433 3.404 4.36 3.619 3.745 3.843 2.51 3.787
3.308 3.454 3.879 3.738 2.937 3.233 3.885 3.425 3.256
4.472 2.76 3.796 3.898 4.385 3.018 4.435 5.279 2.841
3.207 1.774 2.288 2.484 2.854 1.201 3.151 2.138 2.526
2.517 3.265 2.814 3.53 2.574 2.468 0.581 1.413 2.159
3.31 3.659 4.981 3.747 3.17 3.744 2.989 2.267 2.145
2.18 2.531 3.01 2.988 2.141 2.589 4.032 3.996 3.995
2.481 1.625 2.982 1.963 1.976 3.393 3.868 3.596 2.32
3.844 3.462 2.46 2.675 3.746 2.841 2.946 2.833 2.153
1.301 2.266 1.87 2.228 2.217 2.105 1.792 1.674 3.055
4.289 5.89 4.424 5.239 4.264 5.163 4.252 5.024 3.529
4.018 3.251 2.289 2.598 3.073 2.727 2.597 2.21 2.526
3.041 3.283 3.412 4.212 3.126 3.902 2.188 3.573 2.449
2.45 1.452 1.292 1.735 1.802 2.317 1.683 2.762 2.816
4.062 3.229 2.956 3.872 2.712 2.996 1.816 1.257 1.978
4.111 4.838 3.639 4.198 4.631 4.095 4.681 5.045 6.885
3.702 3.9 3.878 3.951 3.13 3.356 2.23 2.412 3.31
3.52 3.67 3.27 2.693 2.029 3.463 3.655 3.896 4.386
2.904 4.21 4.494 4.41 5.275 2.761 3.231 3.734 2.486
1.89 2 2.921 1.129 1.936 2.14 2.469 2.681 1.295
3.866 2.811 3.789 3.589 3.653 2.847 5.259 3.9 4.177
3.298 2.348 2.576 2.353 2.893 2.496 2.971 3.261 2.047
3.304 2.264 1.013 2.419 2.765 3.362 2.907 2.932 2.422
3.476 3.598 4.073 3.24 3.321 3.666 2.364 4.693 2.676
4.306 3.665 3.547 3.44 3.581 3.774 2.608 2.13 1.934
0.384 2.192 1.479 1.787 1.178 0.537 2.064 2.571 0.527
2.15 3.03 2.496 2.752 2.439 2.167 2.201 1.39 2.45
1.665 2.447 3.455 2.049 2.369 2.404 3.031 2.864 4.499
1.814 3.593 3.034 2.679 1.997 2.284 3.294 2.547 2.415
4.496 4.044 2.883 4.625 3.635 3.963 3.997 4.129 3.872
2.266 2.03 2.342 3.477 1.852 2.719 2.782 3.061 3.92
1.579 2.486 1.756 2.368 2.8 1.482 3.934 2.35 1.789
2.637 4.417 3.913 2.813 4.736 2.883 2.907 3.612 3.049
3.305 1.899 1.471 1.708 2.439 3.451 3.05 2.794 2.642
1.984 3.23 2.404 1.665 3.293 1.775 2.897 3.299 3.505
1.865 1.453 3.042 2.467 2.34 1.788 1.982 2.567 1.604
2.306 3.985 3.585 3.302 4.493 3.964 4.458 3.177 4.222
2.852 3.998 3.547 2.937 2.725 3.855 3.133 2.723 2.241
3.746 2.798 2.038 4.365 1.994 2.679 3.235 3.883 2.738
3.223 2.67 3.611 2.897 3.248 3.193 3.248 4.351 4.583
3.283 2.783 2.673 3.982 3.035 2.828 2.215 3.453 1.945
