3.38 -1.247 2.364 3.248
0.914 -1.255 0.479 2.742
2.034 -1.542 3.469 4.107
2.308 0.951 2.922 4.619
3.042 -1.28 3.059 4.11
1.96 0.372 1.033 3.077
1.793 0.445 2.3 4.022
2.644 -0.144 3.3 3.853
2.321 -1.394 1.484 3.681
4.099 -0.011 3.899 5.361
4.338 1.004 3.243 4.392
3.629 0.342 2.296 5.545
2.779 -0.167 2.942 3.806
3.807 1.501 5.225 5.641
3.303 -1.376 1.132 3.914
1.492 -1.166 1.705 3.148
1.453 0.586 3.186 3.823
3.709 -0.956 2.199 4.743
1.859 -0.84 2.147 3.195
2.892 1.09 2.767 4.641
4.524 -1.069 1.465 3.339
2.582 0.985 2.93 4.804
3.223 -0.576 3.313 4.286
3.619 1.503 3.263 3.488
2.596 0.569 1.946 4.56
2.763 -0.247 1.551 4.777
3.281 -0.499 3.076 2.959
1.057 -0.577 1.593 5.087
2.136 2.345 2.221 4.175
1.171 0.22 2.668 2.781
2.282 -0.836 3.346 4.344
1.045 -0.219 3.406 2.564
2.712 -1.491 0.606 3.872
1.784 0.619 2.541 3.595
1.538 -0.68 1.274 2.934
3.172 -1.509 1.666 4.3
2.833 -1.284 2.447 3.255
1.196 0.683 1.849 4.281
2.682 0.112 3.016 4.477
2.269 -0.049 2.528 4.512
2.903 -1.19 1.755 4.082
3.288 -0.139 4.67 5.457
3.598 1.349 3.503 4.783
2.613 3.064 4.457 4.403
2.504 0.479 3.744 4.92
1.652 1.156 2.602 5.162
1.675 -0.238 2.063 2.87
1.084 0.092 1.88 2.426
2.912 1.191 2.014 4.123
1.723 0.007 2.234 3.424
2.822 1.694 3.27 4.678
3.531 0.487 3.078 4.798
2.991 0.161 2.358 3.35
1.468 0.227 2.455 2.08
3.718 -0.609 1.519 6.517
3.16 -1.337 0.916 4.009
5.01 1.043 2.123 5.685
2.378 -0.805 1.124 3.625
3.185 1.128 3.545 5.864
1.276 1.127 4.715 3.914
1.364 0.131 2.706 4.191
2.215 -0.949 2.385 3.362
2.26 2.057 3.887 5.346
2.49 0.802 4.039 4.63
2.365 0.618 2.384 4.13
3.029 1.537 3.654 4.989
2.47 0.636 2.601 3.881
2.457 -0.041 2.288 2.327
4.371 -0.009 3.86 5.679
2.718 -0.177 2.977 3.022
2.984 -1.139 2.522 4.938
3.065 -0.468 1.958 4.379
1.8 0.136 1.698 2.443
1.957 0.071 2.978 4.408
1.742 1.395 3.28 3.299
3.107 1.633 3.45 5.324
1.33 0.119 0.783 2.614
1.827 0.443 3.193 3.574
1.448 1.077 3.014 3.574
2.381 0.249 4.15 4.084
3.253 -1.222 2.298 4.559
3.207 -0.942 2.418 3.976
2.931 -0.84 2.472 4.471
2.961 -1.284 1.586 3.322
3.935 -2.108 1.791 2.939
-0.068 0.677 3.765 4.742
1.957 -0.014 2.456 2.989
3.876 -0.031 2.504 4.341
2.085 0.163 2.032 2.824
2.579 2.057 1.995 5.957
2.482 -0.974 1.657 3.889
2.732 -1.838 1.199 3.933
3.689 -0.609 3.038 4.704
3.011 -1.429 1.667 3.243
1.981 1.97 3.973 3.146
2.788 0.918 3.586 4.41
2.94 1.408 3.842 4.101
2.494 0.802 1.505 5.041
2.504 -0.041 1.075 2.788
3.732 -1.168 2.846 4.314
