    1.220794     0.340346    -2.558013    -1.368350      1
   -0.605589    -0.796987    -2.558013    -1.368350      1
   -0.289682     0.013798    -2.558013    -1.368350      1
   -1.605372     0.429240    -2.558013    -1.368350      1
    0.786728     0.812824    -2.558013    -1.368350      1
    2.391486    -2.649131     0.970545     0.042646      2
    2.175327    -0.646735     0.970545     0.042646      2
    3.916336     0.302564     0.970545     0.042646      2
    3.836165     0.470696     0.970545     0.042646      2
    2.283797     0.381679     0.970545     0.042646      2
    0.863639     0.695227    -0.944963     0.209041      3
    0.489721    -0.552473    -0.944963     0.209041      3
    1.420433    -0.617893    -0.944963     0.209041      3
    0.668366    -1.121979    -0.944963     0.209041      3
    2.480967     0.597711    -0.944963     0.209041      3
   -1.151260    -1.181484    -1.309484    -0.794603      4
    1.000648    -0.711631    -1.309484    -0.794603      4
   -0.453879    -0.049031    -1.309484    -0.794603      4
    0.758917     0.644355    -1.309484    -0.794603      4
    3.022541     1.294244    -1.309484    -0.794603      4
   -0.341262    -0.247727     0.527907    -0.428262      5
    1.871049     0.660490     0.527907    -0.428262      5
   -0.208462    -0.648600     0.527907    -0.428262      5
   -0.123234    -0.149072     0.527907    -0.428262      5
    0.681761    -1.264422     0.527907    -0.428262      5
    2.553205    -0.066084     2.702314     1.436415      6
    5.401404     0.605858     2.702314     1.436415      6
    4.541864    -0.554117     2.702314     1.436415      6
    6.682309     0.728984     2.702314     1.436415      6
    2.520174     0.061369     2.702314     1.436415      6
   -0.399320     0.787194    -1.619731    -0.338012      7
    1.046537     0.257123    -1.619731    -0.338012      7
   -0.068966     0.820156    -1.619731    -0.338012      7
   -0.077347     0.204375    -1.619731    -0.338012      7
   -0.458834    -0.043105    -1.619731    -0.338012      7
    1.719277    -0.139161     0.354896     0.067678      8
    4.190796     1.030071     0.354896     0.067678      8
    1.030978    -0.082006     0.354896     0.067678      8
    1.164415    -0.974442     0.354896     0.067678      8
    3.715874     1.395183     0.354896     0.067678      8
    4.904222    -1.667465     2.033768     1.138575      9
    5.925725     1.259220     2.033768     1.138575      9
    4.952240    -0.984970     2.033768     1.138575      9
    5.521369     0.710237     2.033768     1.138575      9
    3.532716    -0.993097     2.033768     1.138575      9
   -1.630143    -0.547643    -0.450450    -0.267992     10
    2.182255     1.418183    -0.450450    -0.267992     10
   -1.456303    -1.470665    -0.450450    -0.267992     10
   -1.639034    -0.524392    -0.450450    -0.267992     10
    2.425831     0.536029    -0.450450    -0.267992     10
    5.803839     1.392646     1.635661     0.947579     11
    2.951304     0.243171     1.635661     0.947579     11
    3.283747    -0.339515     1.635661     0.947579     11
    2.995317    -0.985244     1.635661     0.947579     11
    1.618021    -2.317950     1.635661     0.947579     11
   -0.403183    -0.593720    -0.229604    -1.200869     12
    1.663949     0.642235    -0.229604    -1.200869     12
    1.217549     0.223186    -0.229604    -1.200869     12
   -0.421549     0.948813    -0.229604    -1.200869     12
    1.330829     1.594388    -0.229604    -1.200869     12
    2.487541     0.865529     0.600215     0.135954     13
    0.048968    -0.867335     0.600215     0.135954     13
    4.061213     0.490196     0.600215     0.135954     13
    2.997874     0.714640     0.600215     0.135954     13
    4.259708     1.401067     0.600215     0.135954     13
    1.379693    -0.790829    -1.443402     0.044262     14
    1.325145    -0.285656    -1.443402     0.044262     14
    5.004661     2.464619    -1.443402     0.044262     14
    1.221611     0.937999    -1.443402     0.044262     14
    1.251925     0.090230    -1.443402     0.044262     14
    2.270172    -1.090940     1.374570     0.341040     15
    0.634318    -1.088991     1.374570     0.341040     15
    0.983157    -0.950887     1.374570     0.341040     15
    2.487766    -1.408852     1.374570     0.341040     15
    1.677126     0.067147     1.374570     0.341040     15
   -1.305655    -2.015613    -1.669402    -1.091773     16
    0.050076     0.008232    -1.669402    -1.091773     16
    0.841046     0.424874    -1.669402    -1.091773     16
    0.214189    -0.211407    -1.669402    -1.091773     16
   -0.041848     1.024469    -1.669402    -1.091773     16
    6.785301     0.011773     2.070695     1.244209     17
    3.850445    -1.209173     2.070695     1.244209     17
    4.702402     0.047194     2.070695     1.244209     17
    5.830458    -0.242509     2.070695     1.244209     17
    5.137308    -0.014217     2.070695     1.244209     17
    1.993422     0.138013    -0.417772    -0.947692     18
    1.192354    -0.075882    -0.417772    -0.947692     18
    2.203556     0.016629    -0.417772    -0.947692     18
    0.064921    -1.522187    -0.417772    -0.947692     18
   -0.939733    -0.541962    -0.417772    -0.947692     18
    3.182946    -0.252249     0.724941     0.795454     19
    4.932653     0.975062     0.724941     0.795454     19
    6.027878     1.537741     0.724941     0.795454     19
    3.125351    -0.430995     0.724941     0.795454     19
    5.730224    -0.714410     0.724941     0.795454     19
    0.559500    -1.421475     1.569763     0.556760     20
    2.690061     0.727914     1.569763     0.556760     20
    4.902244    -1.486864     1.569763     0.556760     20
    4.050249    -0.298398     1.569763     0.556760     20
    3.485592     0.715743     1.569763     0.556760     20
    2.876323    -0.538602    -0.534008     0.644311     21
    2.575687    -0.387472    -0.534008     0.644311     21
    3.277249     0.240982    -0.534008     0.644311     21
    4.739958     0.832066    -0.534008     0.644311     21
    3.811230    -1.216297    -0.534008     0.644311     21
    2.926681    -0.787318    -0.517768    -0.296685     22
    3.083220    -0.649612    -0.517768    -0.296685     22
    4.156594     1.602478    -0.517768    -0.296685     22
    3.464255     0.945151    -0.517768    -0.296685     22
    1.868341     1.165699    -0.517768    -0.296685     22
    1.748399     0.074150    -0.418941    -0.958399     23
    1.672564     0.659106    -0.418941    -0.958399     23
    3.362766     0.612422    -0.418941    -0.958399     23
    0.439613    -0.754940    -0.418941    -0.958399     23
    1.776356     3.087766    -0.418941    -0.958399     23
    3.183527    -1.704671     0.445761     0.850354     24
    3.777944     2.271013     0.445761     0.850354     24
    2.530183    -1.249445     0.445761     0.850354     24
    3.003318    -0.344770     0.445761     0.850354     24
    3.799267     0.758441     0.445761     0.850354     24
    4.130082    -0.316631    -0.102672     1.401276     25
    3.120801    -0.480098    -0.102672     1.401276     25
    4.505525     0.134860    -0.102672     1.401276     25
    0.049875    -2.389389    -0.102672     1.401276     25
    5.344865     0.452900    -0.102672     1.401276     25
   -0.173312    -0.135768    -0.628825    -0.639904     26
    3.046213     0.542162    -0.628825    -0.639904     26
    0.274927    -0.079138    -0.628825    -0.639904     26
    1.892155     0.164521    -0.628825    -0.639904     26
    1.328316     0.690146    -0.628825    -0.639904     26
    1.196430     0.032942    -0.978753    -0.056668     27
    1.281548     0.747531    -0.978753    -0.056668     27
   -1.478105    -0.407708    -0.978753    -0.056668     27
    1.035711    -0.114464    -0.978753    -0.056668     27
    0.211373     0.371495    -0.978753    -0.056668     27
   -0.460110    -0.383276    -1.404503    -0.964287     28
    1.169982     0.027145    -1.404503    -0.964287     28
    1.756769     1.045532    -1.404503    -0.964287     28
    0.588066    -0.333722    -1.404503    -0.964287     28
    0.794377     0.489054    -1.404503    -0.964287     28
    4.063340    -0.100384     0.667787    -0.197338     29
    3.355928    -0.467821     0.667787    -0.197338     29
    2.767528     0.063478     0.667787    -0.197338     29
    3.947599     0.884558     0.667787    -0.197338     29
    2.266977    -1.086732     0.667787    -0.197338     29
    2.988651     0.600807     0.860884     0.397737     30
    1.688663     0.040574     0.860884     0.397737     30
    4.135370     0.718230     0.860884     0.397737     30
    0.928835     0.018965     0.860884     0.397737     30
    3.697287    -0.787803     0.860884     0.397737     30
    3.292399     0.489201     1.017909     0.666831     31
    2.156375    -0.095286     1.017909     0.666831     31
    4.388543     1.791898     1.017909     0.666831     31
    2.244846    -0.708314     1.017909     0.666831     31
    4.455814     0.103043     1.017909     0.666831     31
    1.883929     0.176710    -0.259470     0.156793     32
    2.640351    -0.464011    -0.259470     0.156793     32
    1.770524     1.734827    -0.259470     0.156793     32
   -0.362957    -2.516484    -0.259470     0.156793     32
    3.108931    -0.081278    -0.259470     0.156793     32
    4.207230     1.210773     0.666575     0.706917     33
    5.410455     0.216244     0.666575     0.706917     33
    2.208903    -0.968510     0.666575     0.706917     33
    3.461654     0.060494     0.666575     0.706917     33
    5.878071     1.254082     0.666575     0.706917     33
    2.953082    -0.155740     1.242969     0.455311     34
    1.881401    -0.253796     1.242969     0.455311     34
    3.010151     0.764650     1.242969     0.455311     34
    2.603372    -1.839671     1.242969     0.455311     34
    3.278865     0.576356     1.242969     0.455311     34
    0.925324    -0.766527     1.372804     0.144893     35
    2.178444    -0.167835     1.372804     0.144893     35
    3.390462     0.010337     1.372804     0.144893     35
    2.689032    -0.189381     1.372804     0.144893     35
    3.642045     0.590151     1.372804     0.144893     35
   -0.455811     0.460399    -0.330104    -0.382586     36
   -0.991399    -0.636316    -0.330104    -0.382586     36
    1.704238     1.530184    -0.330104    -0.382586     36
    2.444839     1.188574    -0.330104    -0.382586     36
    1.249882     1.374689    -0.330104    -0.382586     36
    2.003673    -0.102442    -0.770052     0.139571     37
    2.426507    -0.459975    -0.770052     0.139571     37
    3.051061     0.665003    -0.770052     0.139571     37
    1.327972     0.770997    -0.770052     0.139571     37
    0.503857     0.872203    -0.770052     0.139571     37
    3.514806     1.767683     0.089266    -0.749713     38
   -0.217509     0.285450     0.089266    -0.749713     38
    1.277744    -0.001779     0.089266    -0.749713     38
    0.667259    -1.091492     0.089266    -0.749713     38
    1.114486    -0.579288     0.089266    -0.749713     38
    0.610047    -0.791359    -1.639034    -0.576793     39
   -0.310394     1.006530    -1.639034    -0.576793     39
   -1.016309    -0.190269    -1.639034    -0.576793     39
   -1.336662    -2.051528    -1.639034    -0.576793     39
   -0.683340     0.405998    -1.639034    -0.576793     39
    0.671208     0.820219    -1.184874    -1.193721     40
   -1.218101    -0.252661    -1.184874    -1.193721     40
   -0.815979    -0.867763    -1.184874    -1.193721     40
    0.098633     2.521269    -1.184874    -1.193721     40
   -1.470465    -0.594648    -1.184874    -1.193721     40
   -1.139530    -1.353326    -1.015184    -1.103929     41
    0.323899     0.376202    -1.015184    -1.103929     41
   -1.092915    -0.512341    -1.015184    -1.103929     41
    0.082299     1.043263    -1.015184    -1.103929     41
    0.116464     1.001448    -1.015184    -1.103929     41
   -1.620280    -0.039966    -1.015184    -1.103929     41
   -1.333132    -0.445273    -1.015184    -1.103929     41
    2.108410     1.082933    -1.015184    -1.103929     41
    1.101345     0.065417    -1.015184    -1.103929     41
   -0.219678    -0.355458    -1.015184    -1.103929     41
    0.544581    -0.340413    -1.211249    -0.548515     42
   -1.909816    -0.758179    -1.211249    -0.548515     42
    2.344190     1.409692    -1.211249    -0.548515     42
   -1.241056     0.716772    -1.211249    -0.548515     42
   -3.172607    -1.753919    -1.211249    -0.548515     42
   -0.237021     0.495401    -1.211249    -0.548515     42
   -0.386097     0.681980    -1.211249    -0.548515     42
   -0.231053     0.331435    -1.211249    -0.548515     42
   -2.277959    -1.466663    -1.211249    -0.548515     42
   -1.590127    -0.999198    -1.211249    -0.548515     42
    1.586336    -2.558633     0.687901     0.400938     43
    1.287574    -3.779627     0.687901     0.400938     43
    5.199179     0.796358     0.687901     0.400938     43
    4.178420    -0.859170     0.687901     0.400938     43
    5.130067     1.392316     0.687901     0.400938     43
    6.765194     1.512205     0.687901     0.400938     43
    5.135294    -0.296763     0.687901     0.400938     43
    4.602181     1.859315     0.687901     0.400938     43
    4.243075     0.901661     0.687901     0.400938     43
    2.238729     0.470861     0.687901     0.400938     43
    1.079017     1.790468    -1.525084    -0.969766     44
   -0.647454     0.743158    -1.525084    -0.969766     44
   -0.082711     0.732587    -1.525084    -0.969766     44
   -1.147685    -1.003365    -1.525084    -0.969766     44
    2.642655     0.736680    -1.525084    -0.969766     44
    2.286669     1.654013    -1.525084    -0.969766     44
   -1.341918    -1.429018    -1.525084    -0.969766     44
    0.919361     1.068484    -1.525084    -0.969766     44
    0.914987    -0.190621    -1.525084    -0.969766     44
    3.258626     2.268333    -1.525084    -0.969766     44
   -2.282739    -2.154469    -1.643863    -1.307411     45
   -0.602661     0.607644    -1.643863    -1.307411     45
   -1.010178    -0.619051    -1.643863    -1.307411     45
   -0.900987     0.652525    -1.643863    -1.307411     45
   -0.826122     0.638482    -1.643863    -1.307411     45
   -0.918565     0.974681    -1.643863    -1.307411     45
   -2.914711     0.503910    -1.643863    -1.307411     45
   -0.522825    -0.395975    -1.643863    -1.307411     45
   -0.946270    -0.358692    -1.643863    -1.307411     45
    0.630174     0.481635    -1.643863    -1.307411     45
    2.568918     0.294620     0.129738     0.645546     46
    1.918901    -0.548162     0.129738     0.645546     46
    2.616071     0.545156     0.129738     0.645546     46
    2.956517     0.216093     0.129738     0.645546     46
    2.429946    -0.097389     0.129738     0.645546     46
    2.467607     0.641261     0.129738     0.645546     46
    4.749003    -0.245569     0.129738     0.645546     46
    1.653837    -2.238135     0.129738     0.645546     46
    3.877228    -0.639792     0.129738     0.645546     46
    3.145280    -0.817450     0.129738     0.645546     46
    2.390727     0.560269    -0.314785    -0.338493     47
    3.278255    -0.112235    -0.314785    -0.338493     47
    0.062464    -0.814073    -0.314785    -0.338493     47
    0.215402    -1.069710    -0.314785    -0.338493     47
    3.072753     0.635652    -0.314785    -0.338493     47
    2.002319     0.305371    -0.314785    -0.338493     47
   -1.018326    -1.025659    -0.314785    -0.338493     47
   -0.200264    -1.960891    -0.314785    -0.338493     47
    1.649531    -0.221601    -0.314785    -0.338493     47
    2.131133     1.843227    -0.314785    -0.338493     47
   -1.013030    -0.858263    -0.270344     0.367102     48
   -0.685340    -1.658628    -0.270344     0.367102     48
    2.248686    -0.246373    -0.270344     0.367102     48
   -0.537095    -1.601163    -0.270344     0.367102     48
   -0.713913    -0.926492    -0.270344     0.367102     48
    0.959524    -0.083297    -0.270344     0.367102     48
    1.484666     1.248802    -0.270344     0.367102     48
    0.126169    -0.601591    -0.270344     0.367102     48
   -2.818287    -0.764839    -0.270344     0.367102     48
   -0.015728     0.764597    -0.270344     0.367102     48
   -1.116498    -2.110413    -0.121879     0.287462     49
    1.724884     1.115597    -0.121879     0.287462     49
    1.061772     1.984318    -0.121879     0.287462     49
    2.459097     1.576312    -0.121879     0.287462     49
    0.863212     0.494318    -0.121879     0.287462     49
    1.630408     0.721729    -0.121879     0.287462     49
    0.569417    -0.046814    -0.121879     0.287462     49
    0.742719    -0.231859    -0.121879     0.287462     49
   -1.964546    -2.327943    -0.121879     0.287462     49
   -1.199776    -0.258301    -0.121879     0.287462     49
    5.753793    -0.622691     2.686556     1.840315     50
    4.215540     0.016077     2.686556     1.840315     50
    3.658816     0.647730     2.686556     1.840315     50
    5.287114     0.547148     2.686556     1.840315     50
    5.856752     0.948877     2.686556     1.840315     50
    3.157905    -0.222354     2.686556     1.840315     50
    6.587606     1.206725     2.686556     1.840315     50
    3.666385     0.369516     2.686556     1.840315     50
    4.730145    -0.678854     2.686556     1.840315     50
    3.112559     0.694589     2.686556     1.840315     50
    2.377012     0.263281    -0.894259    -0.820428     51
    1.820026     0.175496    -0.894259    -0.820428     51
   -0.500550     0.400181    -0.894259    -0.820428     51
   -0.322585    -0.272099    -0.894259    -0.820428     51
   -0.017122     0.468739    -0.894259    -0.820428     51
    1.273817     0.611613    -0.894259    -0.820428     51
    0.548107     1.429312    -0.894259    -0.820428     51
   -0.838548    -0.738446    -0.894259    -0.820428     51
   -0.118548    -1.329740    -0.894259    -0.820428     51
    0.978876     0.250246    -0.894259    -0.820428     51
    2.904444     0.653435    -0.802128     0.253254     52
    2.225624    -0.161099    -0.802128     0.253254     52
    2.553032     0.170027    -0.802128     0.253254     52
    3.213408     0.541809    -0.802128     0.253254     52
    1.505773     0.035849    -0.802128     0.253254     52
    0.452150    -2.623456    -0.802128     0.253254     52
    3.711066     0.499039    -0.802128     0.253254     52
    2.357688     0.147066    -0.802128     0.253254     52
    2.730844    -0.270249    -0.802128     0.253254     52
    1.769102     1.151012    -0.802128     0.253254     52
    0.188606    -1.689436    -1.202821    -0.114162     53
    2.495946     0.114197    -1.202821    -0.114162     53
    1.131514     1.399874    -1.202821    -0.114162     53
    1.407063    -0.255028    -1.202821    -0.114162     53
    2.477575     0.347744    -1.202821    -0.114162     53
    1.876838    -0.486842    -1.202821    -0.114162     53
    1.596812     0.025231    -1.202821    -0.114162     53
    0.010317    -1.132450    -1.202821    -0.114162     53
   -1.027764    -1.859146    -1.202821    -0.114162     53
    1.599498     0.690865    -1.202821    -0.114162     53
    3.291403    -0.189662     1.573673     0.784574     54
    5.221474    -0.152037     1.573673     0.784574     54
    5.500154     0.214277     1.573673     0.784574     54
    3.149714    -0.559702     1.573673     0.784574     54
    4.891658    -0.417488     1.573673     0.784574     54
    1.435555    -2.137604     1.573673     0.784574     54
    3.330665    -2.192354     1.573673     0.784574     54
    4.884912     0.447842     1.573673     0.784574     54
    2.255062    -0.823686     1.573673     0.784574     54
    3.892907     0.670012     1.573673     0.784574     54
    4.941128     0.569812     0.295180     0.144471     55
    2.515498    -2.076877     0.295180     0.144471     55
    2.918252     1.656347     0.295180     0.144471     55
    4.830158     1.027626     0.295180     0.144471     55
    1.576079     1.254582     0.295180     0.144471     55
    1.289039    -1.693047     0.295180     0.144471     55
    2.553087    -0.336235     0.295180     0.144471     55
    3.327990     1.383343     0.295180     0.144471     55
    0.984010    -1.239458     0.295180     0.144471     55
    3.155637    -0.312309     0.295180     0.144471     55
    2.960279    -0.329194     0.211983    -0.098958     56
    3.861047     1.929545     0.211983    -0.098958     56
    0.714142    -0.308073     0.211983    -0.098958     56
    2.456463     1.860898     0.211983    -0.098958     56
    2.262469     0.617863     0.211983    -0.098958     56
    2.978917    -0.804280     0.211983    -0.098958     56
   -0.104763    -1.489466     0.211983    -0.098958     56
    1.642965    -0.341944     0.211983    -0.098958     56
    1.609446     0.227607     0.211983    -0.098958     56
    2.794475     2.399375     0.211983    -0.098958     56
    5.239693     1.096006     1.513567     0.269209     57
    1.736039     0.285569     1.513567     0.269209     57
    0.586215    -1.752610     1.513567     0.269209     57
    3.669251     0.288199     1.513567     0.269209     57
    4.170728     0.938017     1.513567     0.269209     57
    0.798657    -0.513018     1.513567     0.269209     57
    1.570197    -1.290374     1.513567     0.269209     57
    4.676170     0.904680     1.513567     0.269209     57
    2.344570     0.090596     1.513567     0.269209     57
    2.047711     1.444247     1.513567     0.269209     57
    2.078684    -0.429921    -0.000698     0.264761     58
    5.389938     1.997318    -0.000698     0.264761     58
    3.149153    -0.524326    -0.000698     0.264761     58
    3.136656     0.743624    -0.000698     0.264761     58
    4.812580     1.675735    -0.000698     0.264761     58
    2.656652    -0.417862    -0.000698     0.264761     58
    2.848821     0.128975    -0.000698     0.264761     58
    2.050157     0.546481    -0.000698     0.264761     58
    2.740833    -0.313996    -0.000698     0.264761     58
    1.734214     1.131557    -0.000698     0.264761     58
    1.231206     0.437709    -1.866907    -0.256940     59
    0.766724     1.529622    -1.866907    -0.256940     59
   -0.241295     0.024525    -1.866907    -0.256940     59
   -2.344683    -0.826774    -1.866907    -0.256940     59
   -1.210306    -0.219071    -1.866907    -0.256940     59
   -0.597561    -0.475100    -1.866907    -0.256940     59
    0.215145     0.717717    -1.866907    -0.256940     59
    0.154736     1.030234    -1.866907    -0.256940     59
    0.479796     0.109431    -1.866907    -0.256940     59
    0.462127    -0.444438    -1.866907    -0.256940     59
    2.433822    -0.341643     0.626891    -0.413023     60
    2.206703     0.158681     0.626891    -0.413023     60
    1.856915    -1.182643     0.626891    -0.413023     60
    3.555393    -0.025317     0.626891    -0.413023     60
    3.475120    -0.022149     0.626891    -0.413023     60
    3.508955     0.177168     0.626891    -0.413023     60
    1.627040    -0.229237     0.626891    -0.413023     60
    2.269594     0.797037     0.626891    -0.413023     60
    1.281324    -0.543011     0.626891    -0.413023     60
    5.341365     0.876101     0.626891    -0.413023     60
    1.522184     0.508192     0.167512     0.058356     61
    2.561920     0.055690     0.167512     0.058356     61
    2.666863    -0.270864     0.167512     0.058356     61
    0.653485    -1.168394     0.167512     0.058356     61
    1.910221     1.101954     0.167512     0.058356     61
    1.703994     1.905456     0.167512     0.058356     61
    3.218130     0.873296     0.167512     0.058356     61
    2.059885     1.710942     0.167512     0.058356     61
    1.053251    -0.412080     0.167512     0.058356     61
    1.670003    -1.451646     0.167512     0.058356     61
    2.612721     0.406018     0.120303     0.212080     62
    0.851777    -1.912949     0.120303     0.212080     62
    3.147029    -0.187168     0.120303     0.212080     62
    4.133341     1.314302     0.120303     0.212080     62
    0.947791    -1.615090     0.120303     0.212080     62
    2.373793    -0.683299     0.120303     0.212080     62
    3.419120     1.172134     0.120303     0.212080     62
    2.776857    -1.360041     0.120303     0.212080     62
    3.406356    -0.264217     0.120303     0.212080     62
    4.620008     0.751878     0.120303     0.212080     62
    3.742162    -0.377838     0.989921     0.237352     63
    1.856959     0.050855     0.989921     0.237352     63
    2.654114     1.022745     0.989921     0.237352     63
    1.080605    -0.115996     0.989921     0.237352     63
    0.765538    -0.301355     0.989921     0.237352     63
    2.187893     0.834925     0.989921     0.237352     63
    3.181274    -0.444636     0.989921     0.237352     63
    2.560728     0.731587     0.989921     0.237352     63
    0.601533    -0.404515     0.989921     0.237352     63
    2.897535     0.387263     0.989921     0.237352     63
    5.391694    -0.074683     0.828060     0.439087     64
    3.682782     1.885874     0.828060     0.439087     64
    2.928604    -0.399221     0.828060     0.439087     64
    1.116980    -1.546335     0.828060     0.439087     64
    4.344430     0.343847     0.828060     0.439087     64
    3.661119     0.878175     0.828060     0.439087     64
    3.676468    -0.327603     0.828060     0.439087     64
    3.267806     0.003320     0.828060     0.439087     64
    2.433659    -0.980813     0.828060     0.439087     64
    3.402927     0.512105     0.828060     0.439087     64
   -0.428069    -0.184250    -0.697121     0.503860     65
    1.247959    -0.730489    -0.697121     0.503860     65
    0.137848     0.632362    -0.697121     0.503860     65
    1.175099     0.985849    -0.697121     0.503860     65
    0.870789    -0.616837    -0.697121     0.503860     65
   -2.403389    -0.762052    -0.697121     0.503860     65
   -0.079243    -0.696227    -0.697121     0.503860     65
    2.330361     0.062952    -0.697121     0.503860     65
    3.420901     2.299033    -0.697121     0.503860     65
    0.211116    -0.072950    -0.697121     0.503860     65
    1.112239    -1.291650    -0.338478    -0.504457     66
    1.156552     0.190400    -0.338478    -0.504457     66
    2.633153     1.344307    -0.338478    -0.504457     66
    3.038101     0.979679    -0.338478    -0.504457     66
    0.151440    -0.604053    -0.338478    -0.504457     66
    1.295996     0.300521    -0.338478    -0.504457     66
    2.227395    -1.086508    -0.338478    -0.504457     66
    1.633894    -0.062533    -0.338478    -0.504457     66
    2.265426     0.202340    -0.338478    -0.504457     66
    1.218650    -0.996470    -0.338478    -0.504457     66
    0.964898    -0.691298    -0.635522    -0.803324     67
    3.920979     0.798376    -0.635522    -0.803324     67
    3.327090    -0.098449    -0.635522    -0.803324     67
    1.782738    -1.838861    -0.635522    -0.803324     67
    2.280316     1.395268    -0.635522    -0.803324     67
    0.234241    -2.381155    -0.635522    -0.803324     67
    3.766540     0.030403    -0.635522    -0.803324     67
    3.037388     2.113957    -0.635522    -0.803324     67
    3.128943    -0.335292    -0.635522    -0.803324     67
    3.155423     0.708569    -0.635522    -0.803324     67
    2.169777     0.262961    -0.571558    -0.789964     68
    0.866842    -0.443013    -0.571558    -0.789964     68
    0.234399    -0.988385    -0.571558    -0.789964     68
    0.535296    -1.071889    -0.571558    -0.789964     68
    1.996642     0.364522    -0.571558    -0.789964     68
    0.687468    -0.155677    -0.571558    -0.789964     68
   -0.502590    -0.748759    -0.571558    -0.789964     68
    0.249899    -0.449786    -0.571558    -0.789964     68
    0.832920     0.737562    -0.571558    -0.789964     68
    2.258617     0.718160    -0.571558    -0.789964     68
    1.080253    -0.295963    -0.626589     0.013291     69
    2.341255     0.287026    -0.626589     0.013291     69
    2.980249     1.803081    -0.626589     0.013291     69
    1.995422     1.478957    -0.626589     0.013291     69
    0.941954    -0.391472    -0.626589     0.013291     69
    2.011991     0.383246    -0.626589     0.013291     69
    0.998735     0.117073    -0.626589     0.013291     69
    0.392275    -1.111555    -0.626589     0.013291     69
   -1.042246    -0.886013    -0.626589     0.013291     69
    0.777404     0.871699    -0.626589     0.013291     69
    3.355492    -0.085558     1.968605     1.601507     70
    4.285119     0.509321     1.968605     1.601507     70
    5.817306    -0.169707     1.968605     1.601507     70
    6.149281     0.084339     1.968605     1.601507     70
    4.635643     0.050474     1.968605     1.601507     70
    3.303420     0.204412     1.968605     1.601507     70
    3.134362    -0.213855     1.968605     1.601507     70
    4.462429     0.867706     1.968605     1.601507     70
    2.448791    -1.028344     1.968605     1.601507     70
    3.225449     0.622322     1.968605     1.601507     70
    2.227974    -0.568051     0.438736     0.131853     71
    1.679929    -0.528954     0.438736     0.131853     71
    2.874596    -0.394931     0.438736     0.131853     71
    1.659496    -0.997342     0.438736     0.131853     71
    5.100741     0.403272     0.438736     0.131853     71
    2.150074     0.137918     0.438736     0.131853     71
    1.758957    -1.175483     0.438736     0.131853     71
    1.809475    -0.219528     0.438736     0.131853     71
    1.987400    -0.850710     0.438736     0.131853     71
    0.914458     0.235961     0.438736     0.131853     71
    0.107642    -0.772590     0.359966    -0.577785     72
    4.132742     1.645198     0.359966    -0.577785     72
    4.136775     1.056782     0.359966    -0.577785     72
    3.170421    -0.670032     0.359966    -0.577785     72
    2.128741     0.611504     0.359966    -0.577785     72
    1.938969     1.073116     0.359966    -0.577785     72
    3.112669    -1.287808     0.359966    -0.577785     72
    2.038160     0.869937     0.359966    -0.577785     72
    1.749269     0.592890     0.359966    -0.577785     72
   -0.202786    -0.683777     0.359966    -0.577785     72
    2.028153    -1.584158     0.275680    -0.395811     73
    3.742201    -1.448698     0.275680    -0.395811     73
    0.950971    -0.772304     0.275680    -0.395811     73
    1.078319     0.502176     0.275680    -0.395811     73
   -0.319967    -2.961687     0.275680    -0.395811     73
    0.757819    -0.398208     0.275680    -0.395811     73
    1.542677    -1.135056     0.275680    -0.395811     73
    2.917424     0.186068     0.275680    -0.395811     73
    2.702173     1.890443     0.275680    -0.395811     73
    2.658397     0.734346     0.275680    -0.395811     73
    3.530743     0.348484     0.059688     0.540122     74
    3.426652     0.967700     0.059688     0.540122     74
    1.137913    -1.767354     0.059688     0.540122     74
    1.688354     0.385464     0.059688     0.540122     74
    1.190835     0.575165     0.059688     0.540122     74
    2.297227    -1.114526     0.059688     0.540122     74
    1.017175    -1.508881     0.059688     0.540122     74
    1.468371     0.328641     0.059688     0.540122     74
    0.286862    -0.483237     0.059688     0.540122     74
    2.656003    -0.820242     0.059688     0.540122     74
    1.876201    -0.310186    -0.356009    -1.246197     75
    2.472951     1.728784    -0.356009    -1.246197     75
    1.301445     1.074688    -0.356009    -1.246197     75
    1.609632    -0.973578    -0.356009    -1.246197     75
    1.204695    -0.329574    -0.356009    -1.246197     75
    2.267834     0.733211    -0.356009    -1.246197     75
   -0.306367    -0.121618    -0.356009    -1.246197     75
    1.165738     0.316592    -0.356009    -1.246197     75
    1.362888     0.468265    -0.356009    -1.246197     75
    1.074969     0.471715    -0.356009    -1.246197     75
    2.166393     0.779056    -0.791236    -0.584255     76
    0.612955     0.204064    -0.791236    -0.584255     76
    0.382601     0.565751    -0.791236    -0.584255     76
    0.945228     0.012615    -0.791236    -0.584255     76
    0.889335     0.688598    -0.791236    -0.584255     76
    1.674990    -1.231199    -0.791236    -0.584255     76
    1.169608    -0.743718    -0.791236    -0.584255     76
    2.554299     0.965977    -0.791236    -0.584255     76
    1.872967    -0.139974    -0.791236    -0.584255     76
    2.784921     0.386558    -0.791236    -0.584255     76
    4.099059    -0.110217     2.751975     1.850496     77
    3.083567     0.248844     2.751975     1.850496     77
    4.091816    -0.503839     2.751975     1.850496     77
    3.370173     0.444492     2.751975     1.850496     77
    5.004088     0.576400     2.751975     1.850496     77
    3.576206    -0.353041     2.751975     1.850496     77
    4.515972     0.499977     2.751975     1.850496     77
    4.148033     2.075976     2.751975     1.850496     77
    3.479423    -0.137994     2.751975     1.850496     77
    3.139862     0.987473     2.751975     1.850496     77
    1.530799    -0.770728     0.454082     0.650593     78
    2.366208     0.490411     0.454082     0.650593     78
    4.589183     0.651160     0.454082     0.650593     78
    2.885604    -1.112450     0.454082     0.650593     78
    1.918485    -0.540743     0.454082     0.650593     78
    3.513674     0.368351     0.454082     0.650593     78
    3.592267    -0.324901     0.454082     0.650593     78
    3.291366    -1.791201     0.454082     0.650593     78
    4.528333     1.698460     0.454082     0.650593     78
    4.211753    -0.493215     0.454082     0.650593     78
   -0.201010    -0.920785     1.189756    -0.168484     79
    1.751498     1.367541     1.189756    -0.168484     79
    1.559289    -0.817228     1.189756    -0.168484     79
    2.921392     1.359481     1.189756    -0.168484     79
    1.866699     0.372927     1.189756    -0.168484     79
    0.534715     0.015191     1.189756    -0.168484     79
   -0.410198    -2.218841     1.189756    -0.168484     79
   -0.004427    -0.961661     1.189756    -0.168484     79
   -0.894745    -0.793866     1.189756    -0.168484     79
    0.308311     0.458066     1.189756    -0.168484     79
    4.053756     0.428633    -1.394955    -0.192674     80
    0.251031    -1.809867    -1.394955    -0.192674     80
    0.807470    -0.402721    -1.394955    -0.192674     80
    2.282633     1.290738    -1.394955    -0.192674     80
    2.158989    -0.428633    -1.394955    -0.192674     80
    1.865997     0.417180    -1.394955    -0.192674     80
    2.131718    -2.354177    -1.394955    -0.192674     80
    2.807578     0.565566    -1.394955    -0.192674     80
    1.496068    -0.677447    -1.394955    -0.192674     80
   -0.245124    -0.467506    -1.394955    -0.192674     80
   -1.314133    -1.560078     0.099217    -0.467847     81
    0.979906    -1.019689     0.099217    -0.467847     81
    1.955639     0.712850     0.099217    -0.467847     81
    1.606764     0.514749     0.099217    -0.467847     81
    2.948756     0.789749     0.099217    -0.467847     81
    2.299486     1.827484     0.099217    -0.467847     81
   -1.531510    -2.412803     0.099217    -0.467847     81
    0.292290     0.001125     0.099217    -0.467847     81
    0.173519    -0.283370     0.099217    -0.467847     81
    1.722399     0.110376     0.099217    -0.467847     81
    4.574806     1.540983     2.398725     0.837704     82
    3.557787     0.235651     2.398725     0.837704     82
    4.670183    -0.564665     2.398725     0.837704     82
    3.818013    -0.716556     2.398725     0.837704     82
    4.138402    -0.669673     2.398725     0.837704     82
    3.493943     0.029289     2.398725     0.837704     82
    4.812324    -0.169958     2.398725     0.837704     82
    3.928875     0.636090     2.398725     0.837704     82
    5.063505     0.227438     2.398725     0.837704     82
    3.880803    -0.764518     2.398725     0.837704     82
    1.905621    -1.391421     0.709222     0.335314     83
    4.992742     0.216219     0.709222     0.335314     83
    5.213927     0.269012     0.709222     0.335314     83
    2.924715    -0.939125     0.709222     0.335314     83
    4.739363    -0.871981     0.709222     0.335314     83
    3.160057     0.871407     0.709222     0.335314     83
    3.210616    -0.877807     0.709222     0.335314     83
    3.500939     0.160530     0.709222     0.335314     83
    3.548629     0.012425     0.709222     0.335314     83
    2.041701    -1.413842     0.709222     0.335314     83
    1.373744    -0.038972    -2.016237     0.045406     84
    2.729168     1.655120    -2.016237     0.045406     84
    2.387926    -0.459960    -2.016237     0.045406     84
    0.883785    -1.051515    -2.016237     0.045406     84
    1.911864    -0.043077    -2.016237     0.045406     84
    0.789665    -0.548535    -2.016237     0.045406     84
    3.309824     0.545579    -2.016237     0.045406     84
    0.746327    -0.217015    -2.016237     0.045406     84
    2.379718    -0.427445    -2.016237     0.045406     84
    2.226860    -2.004498    -2.016237     0.045406     84
    2.507331    -2.023896    -0.179743    -0.449787     85
    2.137827    -0.583917    -0.179743    -0.449787     85
    3.533418    -0.452822    -0.179743    -0.449787     85
    5.241152     2.750477    -0.179743    -0.449787     85
    6.262762     2.187905    -0.179743    -0.449787     85
    3.598380     0.509069    -0.179743    -0.449787     85
    3.013160     0.254208    -0.179743    -0.449787     85
    2.335817    -1.761490    -0.179743    -0.449787     85
    2.738802     0.001013    -0.179743    -0.449787     85
    3.634407    -1.512682    -0.179743    -0.449787     85
    0.413267     1.030603     0.089703    -0.037038     86
   -0.908762    -1.107763     0.089703    -0.037038     86
    3.139080     0.618245     0.089703    -0.037038     86
    1.191367    -0.565977     0.089703    -0.037038     86
    1.826876    -1.332031     0.089703    -0.037038     86
    1.786527    -0.991783     0.089703    -0.037038     86
    1.561224    -1.904471     0.089703    -0.037038     86
    2.126680     0.643010     0.089703    -0.037038     86
    2.961189    -0.851995     0.089703    -0.037038     86
    2.923422     0.566131     0.089703    -0.037038     86
    0.625988     1.115405    -1.119564    -1.019400     87
   -0.137070    -0.768930    -1.119564    -1.019400     87
    0.539399     0.426409    -1.119564    -1.019400     87
   -0.423796     1.317150    -1.119564    -1.019400     87
   -0.260314     1.192032    -1.119564    -1.019400     87
   -1.232127    -1.723131    -1.119564    -1.019400     87
    0.510750     0.532370    -1.119564    -1.019400     87
    1.334241     0.578047    -1.119564    -1.019400     87
    2.394483     1.755602    -1.119564    -1.019400     87
   -0.743188    -0.569024    -1.119564    -1.019400     87
    7.421087     1.784595     1.307328     1.329676     88
    6.867624     0.298031     1.307328     1.329676     88
    3.189720    -1.746317     1.307328     1.329676     88
    4.663077    -0.177146     1.307328     1.329676     88
    5.245526     0.240483     1.307328     1.329676     88
    6.485930    -1.069884     1.307328     1.329676     88
    6.046162    -0.137142     1.307328     1.329676     88
    4.955555     0.607711     1.307328     1.329676     88
    5.179179    -1.262576     1.307328     1.329676     88
    5.220738    -0.059119     1.307328     1.329676     88
    3.497258    -0.036246     0.178634     0.182991     89
    4.740803     0.596278     0.178634     0.182991     89
    2.645069    -0.957800     0.178634     0.182991     89
    4.137930     2.375475     0.178634     0.182991     89
    3.586436     0.387254     0.178634     0.182991     89
    1.254076     0.071974     0.178634     0.182991     89
    4.926564    -0.438657     0.178634     0.182991     89
    3.870919     1.229621     0.178634     0.182991     89
    3.659639     0.586481     0.178634     0.182991     89
    0.330842    -0.376075     0.178634     0.182991     89
    2.043816     0.047934    -1.214349    -0.547523     90
    2.204113     0.713566    -1.214349    -0.547523     90
    2.427504     0.834176    -1.214349    -0.547523     90
    3.261584     1.197185    -1.214349    -0.547523     90
    1.513234     0.645838    -1.214349    -0.547523     90
    1.680642    -0.124593    -1.214349    -0.547523     90
    0.780834    -1.042176    -1.214349    -0.547523     90
    2.229492    -1.565137    -1.214349    -0.547523     90
    0.901276     0.643911    -1.214349    -0.547523     90
   -0.909098     0.200730    -1.214349    -0.547523     90
    0.342371    -1.031659     0.912536     0.258116     91
    4.641707     0.729939     0.912536     0.258116     91
    2.896603    -0.268720     0.912536     0.258116     91
    1.772268    -0.628324     0.912536     0.258116     91
    2.873210    -0.117147     0.912536     0.258116     91
    3.024825     0.083344     0.912536     0.258116     91
    3.319528    -1.023483     0.912536     0.258116     91
    3.993058     0.745111     0.912536     0.258116     91
    4.307828     1.386503     0.912536     0.258116     91
    2.795294     0.363042     0.912536     0.258116     91
    3.083470     1.390626     0.912536     0.258116     91
    3.740153    -1.353719     0.912536     0.258116     91
    3.787407    -0.848001     0.912536     0.258116     91
    2.290797     0.742771     0.912536     0.258116     91
    2.554789    -0.281609     0.912536     0.258116     91
    2.340162     0.835839     0.206577    -0.197815     92
    1.812252     0.822800     0.206577    -0.197815     92
    2.511066     0.715229     0.206577    -0.197815     92
    1.057072    -0.419199     0.206577    -0.197815     92
    2.047243     0.409689     0.206577    -0.197815     92
    1.509676     1.298512     0.206577    -0.197815     92
    1.042718    -1.275401     0.206577    -0.197815     92
    1.456000    -0.349220     0.206577    -0.197815     92
    1.312236     0.056966     0.206577    -0.197815     92
    2.265104     2.230352     0.206577    -0.197815     92
    1.881737     0.474631     0.206577    -0.197815     92
    1.290382    -0.207749     0.206577    -0.197815     92
    1.274474    -0.639900     0.206577    -0.197815     92
    1.408160     0.142877     0.206577    -0.197815     92
    2.469818     0.843048     0.206577    -0.197815     92
   -0.412497    -0.277268    -0.068456    -1.103799     93
    1.414698     0.549266    -0.068456    -1.103799     93
    2.823390     1.323972    -0.068456    -1.103799     93
    2.822774     0.578133    -0.068456    -1.103799     93
    2.241783     0.617767    -0.068456    -1.103799     93
    0.885873    -1.273163    -0.068456    -1.103799     93
   -0.019103     1.008590    -0.068456    -1.103799     93
    1.475342     0.692536    -0.068456    -1.103799     93
    1.224939    -0.768275    -0.068456    -1.103799     93
    1.173005     0.170295    -0.068456    -1.103799     93
    2.613940    -0.464526    -0.068456    -1.103799     93
    0.925702     0.113401    -0.068456    -1.103799     93
   -0.096811    -1.064198    -0.068456    -1.103799     93
    0.908764     0.549404    -0.068456    -1.103799     93
    1.511196    -0.065281    -0.068456    -1.103799     93
   -0.704303    -0.753142    -0.881165    -0.768812     94
    0.043982    -0.371965    -0.881165    -0.768812     94
    1.425708     2.277548    -0.881165    -0.768812     94
    0.290700     1.956848    -0.881165    -0.768812     94
    2.167209     1.078977    -0.881165    -0.768812     94
   -0.483213     0.880929    -0.881165    -0.768812     94
    0.369614    -0.257460    -0.881165    -0.768812     94
   -0.990447     0.411266    -0.881165    -0.768812     94
   -0.449879     1.360969    -0.881165    -0.768812     94
    1.796743     1.539303    -0.881165    -0.768812     94
   -1.487283    -0.622021    -0.881165    -0.768812     94
   -1.253136    -0.865280    -0.881165    -0.768812     94
    1.304584     1.939684    -0.881165    -0.768812     94
   -0.427800    -1.120408    -0.881165    -0.768812     94
    1.156025     0.943236    -0.881165    -0.768812     94
    1.710182     0.735586    -0.777916     0.022318     95
   -1.440997    -2.105779    -0.777916     0.022318     95
    2.652269    -0.037211    -0.777916     0.022318     95
   -0.334274     0.574336    -0.777916     0.022318     95
    0.356777    -1.750119    -0.777916     0.022318     95
   -1.345949    -0.541120    -0.777916     0.022318     95
    2.143073     0.983344    -0.777916     0.022318     95
    0.269723    -0.078756    -0.777916     0.022318     95
   -0.043247    -0.505192    -0.777916     0.022318     95
    1.180789     0.081146    -0.777916     0.022318     95
    1.176388    -0.357538    -0.777916     0.022318     95
    3.153008     1.808217    -0.777916     0.022318     95
    2.656627     2.421602    -0.777916     0.022318     95
    0.749179    -0.128995    -0.777916     0.022318     95
    1.083916    -0.963204    -0.777916     0.022318     95
    1.325906    -0.424093    -0.103058     0.605998     96
    0.900401    -0.850932    -0.103058     0.605998     96
    1.525310    -0.766167    -0.103058     0.605998     96
    2.551911     0.932790    -0.103058     0.605998     96
    3.578743     1.554276    -0.103058     0.605998     96
    0.654657    -0.547804    -0.103058     0.605998     96
    0.872883    -0.395970    -0.103058     0.605998     96
    2.850127    -0.743067    -0.103058     0.605998     96
   -0.483885    -0.287810    -0.103058     0.605998     96
    2.145516    -0.113239    -0.103058     0.605998     96
    2.655185    -1.376567    -0.103058     0.605998     96
    0.593297    -0.976585    -0.103058     0.605998     96
    0.401131     0.074860    -0.103058     0.605998     96
    4.251064     0.386426    -0.103058     0.605998     96
    1.346826    -0.597101    -0.103058     0.605998     96
    2.629483     0.719476    -0.114602     0.550525     97
    3.534578     0.388956    -0.114602     0.550525     97
    0.808573    -0.141651    -0.114602     0.550525     97
    3.012054     0.449508    -0.114602     0.550525     97
    2.280292     0.441399    -0.114602     0.550525     97
    2.333056     0.148203    -0.114602     0.550525     97
    2.810200     0.883990    -0.114602     0.550525     97
   -0.757263    -0.862988    -0.114602     0.550525     97
    3.665575     0.694011    -0.114602     0.550525     97
    1.444197    -1.136219    -0.114602     0.550525     97
    0.558039    -0.743107    -0.114602     0.550525     97
    3.324898     0.062280    -0.114602     0.550525     97
    2.641866     1.360923    -0.114602     0.550525     97
    4.128734     1.100192    -0.114602     0.550525     97
    1.272755    -0.285959    -0.114602     0.550525     97
    0.304616    -2.200792     0.784207     0.772975     98
    3.561308     0.080206     0.784207     0.772975     98
    2.487146     0.555602     0.784207     0.772975     98
    3.218392     0.017589     0.784207     0.772975     98
    2.202190    -0.473889     0.784207     0.772975     98
    3.365676     0.878883     0.784207     0.772975     98
    2.381524    -1.633218     0.784207     0.772975     98
    2.773227     0.829294     0.784207     0.772975     98
    0.686948    -1.942118     0.784207     0.772975     98
    1.605599     0.500388     0.784207     0.772975     98
    2.509514    -0.955045     0.784207     0.772975     98
   -0.919161    -0.983395     0.784207     0.772975     98
    1.972883    -1.471270     0.784207     0.772975     98
    2.271248     0.344972     0.784207     0.772975     98
    4.217584     1.451647     0.784207     0.772975     98
   -1.235926     0.489041    -0.544603    -0.252689     99
    1.019264     0.431511    -0.544603    -0.252689     99
    1.268359     1.757032    -0.544603    -0.252689     99
   -0.404221     0.562913    -0.544603    -0.252689     99
    3.162429     0.314752    -0.544603    -0.252689     99
   -0.645910    -1.821710    -0.544603    -0.252689     99
   -2.017413    -0.300437    -0.544603    -0.252689     99
   -0.320802     0.237419    -0.544603    -0.252689     99
    2.838280     0.863372    -0.544603    -0.252689     99
   -0.357479     0.426854    -0.544603    -0.252689     99
   -0.591340    -0.140810    -0.544603    -0.252689     99
    2.894018     1.458589    -0.544603    -0.252689     99
   -1.060286    -0.299316    -0.544603    -0.252689     99
   -1.048191    -0.396595    -0.544603    -0.252689     99
    1.700882     2.004980    -0.544603    -0.252689     99
    1.657054    -2.531402     0.438161     0.441422    100
    3.947834     0.213995     0.438161     0.441422    100
    7.527299     1.841657     0.438161     0.441422    100
    4.255072     1.029496     0.438161     0.441422    100
    5.677096     1.033927     0.438161     0.441422    100
    3.356550    -0.338488     0.438161     0.441422    100
    3.780011     0.789451     0.438161     0.441422    100
    2.790819    -0.747175     0.438161     0.441422    100
    1.902982    -0.312656     0.438161     0.441422    100
    5.114611     1.252911     0.438161     0.441422    100
    3.281402    -0.048253     0.438161     0.441422    100
    3.344977    -1.876997     0.438161     0.441422    100
    4.104868     0.384125     0.438161     0.441422    100
    1.577181    -1.764626     0.438161     0.441422    100
    4.744085     0.014560     0.438161     0.441422    100
    2.667294    -0.916336     0.009650     0.430878    101
    2.837372     0.874132     0.009650     0.430878    101
    4.511489     0.766133     0.009650     0.430878    101
    3.984387     1.156193     0.009650     0.430878    101
    4.005195    -0.154191     0.009650     0.430878    101
   -0.534420    -0.946867     0.009650     0.430878    101
    2.220815    -0.267987     0.009650     0.430878    101
    4.703138     1.738123     0.009650     0.430878    101
    3.449760    -0.087260     0.009650     0.430878    101
    3.006488     1.192969     0.009650     0.430878    101
    1.281919    -1.082785     0.009650     0.430878    101
    1.541357     1.398679     0.009650     0.430878    101
    4.326539     0.802492     0.009650     0.430878    101
    3.269312    -0.325788     0.009650     0.430878    101
    3.024210     0.608600     0.009650     0.430878    101
    0.666560    -0.748483     0.792054     0.855375    102
    1.180313    -1.036694     0.792054     0.855375    102
    2.323946    -0.558519     0.792054     0.855375    102
    4.508284    -0.437036     0.792054     0.855375    102
    2.389347     0.054665     0.792054     0.855375    102
    4.436758     0.964669     0.792054     0.855375    102
    2.598870    -0.227884     0.792054     0.855375    102
    1.808096    -0.803664     0.792054     0.855375    102
    3.704484    -0.197010     0.792054     0.855375    102
    1.599342    -0.481682     0.792054     0.855375    102
    4.937085     1.882827     0.792054     0.855375    102
    2.732976    -0.518234     0.792054     0.855375    102
    6.064837     0.763712     0.792054     0.855375    102
    2.491574     0.279602     0.792054     0.855375    102
    4.431716    -0.359621     0.792054     0.855375    102
    5.173337     1.543823     0.155373    -0.290111    103
    2.363076     0.411156     0.155373    -0.290111    103
   -1.229536    -1.851337     0.155373    -0.290111    103
    3.802086     1.509813     0.155373    -0.290111    103
    1.378030     0.423853     0.155373    -0.290111    103
    1.812406     0.974416     0.155373    -0.290111    103
    2.360111    -0.151429     0.155373    -0.290111    103
    1.397061    -1.214639     0.155373    -0.290111    103
    2.187881    -0.149385     0.155373    -0.290111    103
   -1.709157    -1.954366     0.155373    -0.290111    103
    1.023578     0.375227     0.155373    -0.290111    103
    2.004482    -0.742571     0.155373    -0.290111    103
    0.049844    -0.361872     0.155373    -0.290111    103
    1.876554    -0.999699     0.155373    -0.290111    103
    2.398819    -0.373752     0.155373    -0.290111    103
    2.191886    -1.311467    -0.186595    -0.366490    104
    5.369331     2.503244    -0.186595    -0.366490    104
    3.367754     0.142383    -0.186595    -0.366490    104
    3.729969     0.756970    -0.186595    -0.366490    104
    4.341104    -0.271374    -0.186595    -0.366490    104
    3.091629     0.750293    -0.186595    -0.366490    104
    3.220170    -1.156258    -0.186595    -0.366490    104
    4.986436     1.582250    -0.186595    -0.366490    104
    5.010217     1.660787    -0.186595    -0.366490    104
    1.946952     0.247511    -0.186595    -0.366490    104
    2.685760     1.465363    -0.186595    -0.366490    104
    2.542765    -0.235326    -0.186595    -0.366490    104
    3.008258     0.153599    -0.186595    -0.366490    104
    2.713245    -0.427102    -0.186595    -0.366490    104
    2.269429    -0.641754    -0.186595    -0.366490    104
    1.520451     0.070391     0.281721    -0.853138    105
    0.590148    -0.669629     0.281721    -0.853138    105
    1.522115     0.487142     0.281721    -0.853138    105
    1.423410     1.994521     0.281721    -0.853138    105
    2.976670    -0.138652     0.281721    -0.853138    105
   -0.250331     0.826750     0.281721    -0.853138    105
    1.889140     1.369804     0.281721    -0.853138    105
    0.865068    -0.033907     0.281721    -0.853138    105
   -0.811713     0.386789     0.281721    -0.853138    105
    0.528251    -0.317738     0.281721    -0.853138    105
    0.016233     0.212923     0.281721    -0.853138    105
    1.094414     0.054306     0.281721    -0.853138    105
    0.298412    -0.477588     0.281721    -0.853138    105
    0.453898     0.226764     0.281721    -0.853138    105
   -0.148165     0.380827     0.281721    -0.853138    105
    3.661708     1.070342     1.401360     0.307169    106
    3.017162     0.621836     1.401360     0.307169    106
    3.979322    -0.065899     1.401360     0.307169    106
    6.470275     3.274470     1.401360     0.307169    106
    2.896783    -0.400957     1.401360     0.307169    106
    3.671693    -0.402995     1.401360     0.307169    106
    3.313379    -0.907070     1.401360     0.307169    106
    5.910845     1.337748     1.401360     0.307169    106
    0.956211    -2.606271     1.401360     0.307169    106
    4.691796     0.745282     1.401360     0.307169    106
    2.753012    -0.748259     1.401360     0.307169    106
    2.963756     0.339252     1.401360     0.307169    106
    0.974983    -0.795711     1.401360     0.307169    106
    3.085878     1.523277     1.401360     0.307169    106
    4.382398     0.842634     1.401360     0.307169    106
    1.474498     1.034483     0.333181    -0.715661    107
    1.237296     0.598411     0.333181    -0.715661    107
    0.407385     0.803770     0.333181    -0.715661    107
    1.362634     0.515716     0.333181    -0.715661    107
    3.350029     1.251299     0.333181    -0.715661    107
    0.972549     0.076934     0.333181    -0.715661    107
    0.003124    -2.085944     0.333181    -0.715661    107
   -1.607905    -0.714039     0.333181    -0.715661    107
    2.107959     0.087345     0.333181    -0.715661    107
    0.877276     0.709842     0.333181    -0.715661    107
    2.575462     0.444731     0.333181    -0.715661    107
    2.274002     1.353211     0.333181    -0.715661    107
    2.707261     0.683580     0.333181    -0.715661    107
    1.592416     1.891426     0.333181    -0.715661    107
    1.951855    -0.467515     0.333181    -0.715661    107
   -1.561305    -0.524141    -0.480798    -0.302304    108
    0.039523     0.819085    -0.480798    -0.302304    108
    0.416759    -1.553976    -0.480798    -0.302304    108
    1.890162    -0.525083    -0.480798    -0.302304    108
    0.009200     0.304279    -0.480798    -0.302304    108
    0.007017    -0.396030    -0.480798    -0.302304    108
   -0.026122     0.016421    -0.480798    -0.302304    108
    1.689460    -0.104854    -0.480798    -0.302304    108
    0.462843    -0.035569    -0.480798    -0.302304    108
    0.778525    -0.690204    -0.480798    -0.302304    108
    0.494795    -0.283043    -0.480798    -0.302304    108
    0.349249    -1.335410    -0.480798    -0.302304    108
    2.204201     0.573588    -0.480798    -0.302304    108
   -1.562669    -0.308264    -0.480798    -0.302304    108
   -1.916715    -0.433151    -0.480798    -0.302304    108
    2.416558    -0.939349     0.337018     0.343314    109
    3.187978    -0.082886     0.337018     0.343314    109
    2.767765     0.279473     0.337018     0.343314    109
    1.900031     0.285988     0.337018     0.343314    109
    3.070871    -1.327922     0.337018     0.343314    109
    3.545726    -1.516696     0.337018     0.343314    109
    2.423915    -0.228387     0.337018     0.343314    109
    5.028432     1.539977     0.337018     0.343314    109
    3.680780    -0.805114     0.337018     0.343314    109
    4.053239     0.132631     0.337018     0.343314    109
    1.901436    -0.053734     0.337018     0.343314    109
    2.588829     0.186689     0.337018     0.343314    109
    1.967112    -0.526883     0.337018     0.343314    109
    1.803014     0.621804     0.337018     0.343314    109
    3.487754     0.292887     0.337018     0.343314    109
    6.710820     2.326018     1.080683     1.120294    110
    2.815166    -2.185827     1.080683     1.120294    110
    3.189325    -0.842447     1.080683     1.120294    110
    3.956192     0.299622     1.080683     1.120294    110
    1.496198    -0.717685     1.080683     1.120294    110
    1.381810    -1.762607     1.080683     1.120294    110
    4.660725     0.240017     1.080683     1.120294    110
    0.995128    -0.276942     1.080683     1.120294    110
    2.913489    -0.272287     1.080683     1.120294    110
    5.415623    -0.015292     1.080683     1.120294    110
    4.085194     0.037049     1.080683     1.120294    110
    3.402857    -0.185555     1.080683     1.120294    110
    2.733780    -0.347553     1.080683     1.120294    110
    2.657034    -0.566199     1.080683     1.120294    110
    2.585593    -0.148722     1.080683     1.120294    110
