    2.203250     1.858861     1.738477     2.244863     1.142800    -0.796987    -0.149501      1
    1.934917     2.127876     0.083120     2.509436     1.949033    -0.122764    -0.149501      1
    0.321955     0.977231    -0.835405     0.558367    -0.716481    -0.767064    -0.149501      1
    0.073154    -1.743092    -2.310271    -1.514332    -2.649131     0.637570    -0.149501      1
   -1.214906     0.452618     0.372610    -1.790372    -0.262916     0.302564    -0.149501      1
    0.298330    -1.820272     0.561335    -2.090582    -0.944963     1.363045     0.319335      2
   -1.923624    -2.026657    -1.456461     1.781056    -0.552473     0.734078     0.319335      2
   -1.484594    -1.612244    -0.665386    -0.624045     0.048687    -1.121979     0.319335      2
   -1.583049    -1.004344    -0.808687    -2.112795     0.591512     0.197517     0.319335      2
   -1.316289     0.466029    -0.874286     0.597467    -0.129786     0.482652     0.319335      2
   -0.758687     1.370998    -1.217977     0.387396    -0.260432     1.294244    -0.028971      3
   -3.835020    -4.685436    -4.972624    -3.287373    -1.384430    -1.266940    -0.028971      3
   -2.596691    -2.150172    -1.660384    -2.755358    -1.137723     0.151400    -0.028971      3
   -2.696426    -3.563115    -2.117437    -2.335781    -0.149072    -1.169320    -0.028971      3
    0.496067    -0.408194     0.048662    -0.495208     0.690247     0.364170    -0.028971      3
    2.629932     1.742731     2.940067     4.241665     0.368915     1.325394     0.506897      4
   -1.733440     0.740408    -1.896096     0.550289     0.061369     0.524090     0.506897      4
    0.689926    -1.010621     0.140586     1.878217    -1.134086     0.787194     0.506897      4
    0.742891     1.197658     0.078140     0.931110    -0.156478     0.803493     0.506897      4
   -0.469888    -3.098195    -1.104268    -1.808519    -0.399069    -1.154482     0.506897      4
   -0.137189     1.728607     0.438636     0.029594    -0.138515     1.030071    -0.183681      5
   -0.243330    -2.103557    -1.212715     0.402798    -0.256658    -0.869680    -0.183681      5
    1.608895     3.636069     2.250143     3.492221    -0.155059     2.370758    -0.183681      5
   -1.346467    -0.569146    -2.651803    -1.407540    -1.667465    -1.720071    -0.183681      5
   -1.954584    -0.691706    -0.380288    -1.718209    -0.094469    -0.984970    -0.183681      5
   -0.494579    -1.288546    -0.089502    -2.357054    -0.450450    -0.085534    -0.830884      6
    2.495271     0.277450     1.541999     2.100435     1.418183    -1.042368    -0.830884      6
   -2.271136    -3.509523    -1.444376    -1.415482    -0.888453    -0.524392    -0.830884      6
    1.615536     0.772710     0.369102     2.074736    -2.215090     1.488661    -0.830884      6
   -0.565812    -1.290053    -1.298247    -2.001412    -0.695168    -1.975323    -0.830884      6
    0.180771    -0.717913    -1.557289    -0.976940     0.081414    -2.317950     0.574201      7
   -3.665118    -3.133471    -3.713510    -2.366960    -2.172134     0.106356     0.574201      7
    2.729410     1.720946     2.174620     2.603703     2.071931     0.254282     0.574201      7
   -2.113561     1.163579    -0.288925    -0.590618     0.948813    -1.200815     0.574201      7
   -1.196562    -0.873809     0.081064    -0.583897    -0.624497    -0.644951     0.574201      7
    1.460480     1.648659     0.312216     0.933596     0.421775    -0.300009    -0.725665      8
    2.040024     0.338397    -0.551022     2.432079     1.401067    -1.093457    -0.725665      8
    2.617913     1.712149     1.283342     1.951029     0.790655    -0.790829    -0.725665      8
    0.097369    -0.696488     1.454119     1.419367     0.603133    -0.342251    -0.725665      8
    0.293633    -1.480840    -2.496134    -1.654644    -0.019580     0.015105    -0.725665      8
   -0.307408    -1.818051    -2.041841    -0.639667     0.584347    -1.088991    -0.579379      9
   -3.584293    -2.806662    -1.513921    -2.343622    -0.604975    -0.807707    -0.579379      9
   -0.763984    -2.940747    -2.156911    -2.468344    -0.266201     0.054372    -0.579379      9
   -2.426661    -2.862314    -2.438988    -2.488527    -2.015613    -1.026411    -0.579379      9
   -2.208132    -0.036276    -1.021230     0.381772     0.446559     0.424874    -0.579379      9
    1.875850     2.032879     3.229498     4.114118     2.070695     0.417724     0.857132     10
   -2.127528    -1.813856    -1.176057    -1.563641    -1.209173    -0.003104     0.857132     10
   -1.603505    -0.178451    -0.941669    -1.554860    -0.441359    -0.242509     0.857132     10
   -1.091575    -2.598215    -1.716912    -1.322799    -0.100202     0.039605     0.857132     10
   -1.132887     0.278156    -1.336911    -0.134135    -0.500464    -0.209506     0.857132     10
    1.709959    -0.249252     0.945795     1.590738     0.556926    -0.541962    -1.056793     11
    1.726768     0.781547     0.968150     2.388579     0.865967     0.845610    -1.056793     11
    2.868861     1.909212     3.291820     3.437234    -0.355570     1.206227    -1.056793     11
   -1.057910    -1.737381    -0.324085    -1.687511    -0.430995    -1.278004    -1.056793     11
    2.493050     3.687522     1.461576     3.689619     2.510170     0.362960    -1.056793     11
   -0.918489    -1.797937    -2.446326    -0.967432    -1.270415     2.217334     0.609017     12
   -0.866186    -0.484805    -0.947362     1.549688     0.715743     0.076085     0.609017     12
   -0.538906     0.145943    -0.441616    -1.544009     1.074680    -0.538602     0.609017     12
   -0.991522    -1.249976    -0.785572     0.176781     0.556281    -0.270929     0.609017     12
   -1.172124    -1.233641     1.995672     1.789685     1.257592    -0.749740     0.609017     12
    0.961131     2.743793     3.622168    -1.665086     1.143258    -0.649612    -0.063253     13
    1.603852     1.940795     2.090059     3.089617     0.321653     0.580824    -0.063253     13
   -0.362538    -0.349904    -1.732472     0.506260     0.274293    -0.725037    -0.063253     13
    0.365964     0.962444     0.775676    -1.497814     0.074150    -1.813693    -0.063253     13
   -0.269210     2.118957     0.033404     0.542203    -0.232536     0.612422    -0.063253     13
    1.031721     2.667473     2.394410     3.499353     0.445761     1.254947     2.583410     14
    3.566667     3.008498     3.657326     4.103023     2.271013     1.794766     2.583410     14
    1.758469     1.710810     2.737863     2.120735    -0.001115    -0.344770     2.583410     14
    3.699049     7.316396     5.016181     4.619361     1.593965    -0.237945     2.583410     14
    4.826605     5.957021     7.507566     6.038902     2.622013     1.028591     2.583410     14
    0.129630     1.516321    -1.620069    -0.932059    -1.562649     0.452900    -0.492053     15
    1.327013     0.485632    -0.728880     0.807296    -0.650984    -0.044972    -0.492053     15
    0.002282    -0.781400    -1.113920    -1.202559    -0.480458     0.416534    -0.492053     15
    1.090904     1.368428     1.448831     0.354886     0.164521    -1.055144    -0.492053     15
    1.336877    -0.485941     0.375222    -0.813031    -0.203176    -0.140446    -0.492053     15
   -0.898803    -1.697859     0.487418    -0.327952    -0.778738     0.464306     0.625429     16
   -1.470170     0.389311    -2.075625    -1.449489     0.371495    -0.921952     0.625429     16
   -0.001499    -0.758199    -0.396444    -1.876527    -0.140837    -0.383276     0.625429     16
    2.461346     3.079296     3.233807     2.216651     1.335010     0.915748     0.625429     16
    0.632998     1.503696     0.399873     0.831577     0.013493     0.236437     0.625429     16
    2.892093     3.228542     2.528937     1.138337     1.375104    -0.467821    -0.888920     17
   -0.490975    -0.373439     0.468230    -1.211997     0.382211    -0.043604    -0.888920     17
   -1.555948    -0.236532    -1.017698    -1.611125    -0.851627    -0.574966    -0.888920     17
    0.603142     0.572113     0.099030     2.402463     0.600807    -0.544754    -0.888920     17
   -1.565610     0.503147    -0.433476    -1.756830    -0.767861     0.718230    -0.888920     17
    2.133600     0.752747     2.221101     2.085326     1.017909     0.315754    -0.659123     18
   -0.137385     2.270286     3.551017     2.713542    -0.095286     0.251705    -0.659123     18
    0.869247     0.937256     0.883819     1.537252     0.509944    -0.708314    -0.659123     18
    0.593162     1.474571     1.750819     1.403303    -0.227799     1.843857    -0.659123     18
   -0.368046    -0.379566    -2.006002    -0.023105    -0.221200     0.486769    -0.659123     18
   -4.923666    -2.915144    -2.007082    -2.371147    -0.943228    -0.081278    -0.616855     19
   -0.258558    -0.848113    -1.118336    -0.389554     0.747258     1.176609    -0.616855     19
   -4.500678    -2.246838    -3.933429    -4.516346    -1.543497    -0.030247    -0.616855     19
   -2.386261    -0.563225    -2.237590    -2.201582     0.060494    -0.459250    -0.616855     19
   -0.887371    -0.644657    -0.838444    -0.466921     1.065317     0.179396    -0.616855     19
   -1.795419     0.641390     0.814834     1.111228     1.470386     0.863981    -0.212341     20
   -0.305936     0.917650     1.796194    -0.586303     0.576356     1.148916    -0.212341     20
   -1.178029    -3.121627    -1.975633    -2.583322     0.466899    -0.766527    -0.212341     20
   -2.761877    -2.787508    -2.618713    -3.004832    -1.515209    -0.857121    -0.212341     20
   -1.883478    -1.553060    -4.537346    -2.621621    -1.920815     0.597691    -0.212341     20
   -2.794913    -3.098851    -1.063090    -0.365879    -0.627579    -0.636316    -0.364004     21
   -1.740459    -1.627728     0.332117     0.402409    -0.332343     0.730132    -0.364004     21
   -1.967796    -3.346575    -1.515591    -2.488149    -1.144199    -0.144480    -0.364004     21
   -0.453582    -1.282069    -0.645552     1.081247    -0.102442     1.482536    -0.364004     21
    2.142024     2.012729     2.194417     1.123118     1.075664     0.665003    -0.364004     21
    2.035860     0.619269     0.538157     1.321820     0.089266    -1.588691     0.729737     22
   -2.190660    -0.743563    -0.827745     1.290288     0.285450     0.351103     0.729737     22
   -0.856013    -0.901580    -1.490035     0.352417    -0.334787    -1.091492     0.729737     22
   -3.113193    -1.356753    -2.818581    -2.909275    -1.003850    -0.064914     0.729737     22
    1.387995    -1.889327    -2.079109    -1.810513     0.969861    -2.492747     0.729737     22
    1.252130    -0.753944     0.985880    -1.068405     0.236023     0.405998    -0.547812     23
   -2.339061    -1.495094    -2.264038    -2.308831    -1.202567     0.186320    -0.547812     23
   -1.414165    -0.242872    -1.359289    -1.395062    -0.257388     1.750773    -0.547812     23
   -0.687730     0.066830     0.874342     0.116244     2.521269     1.238846    -0.547812     23
   -3.920716    -4.182841    -5.022069    -3.470081    -1.370069    -0.117979    -0.547812     23
    3.191123     0.842350     2.653652     1.571933     1.253777     2.417306     0.314753     24
   -0.240487    -0.013877     0.366627    -0.754813     1.001448     0.145236     0.314753     24
   -1.583994    -2.901900    -1.018268    -0.746269    -1.357214    -0.445273     0.314753     24
   -0.032218    -1.250514     0.698399    -0.820342    -1.098943     1.529303     0.314753     24
   -2.295446    -3.944865    -2.816332    -5.154954    -1.401683    -0.924443     0.314753     24
    1.146076     3.457451     2.786646     0.237145    -0.775690     1.409692     0.920855     25
    1.810960    -0.393167    -1.306859     0.360594    -1.601589    -1.213143     0.920855     25
    1.980471     1.207830     1.251535     0.992677    -0.779633     0.943117     0.920855     25
    1.828057    -0.039882     1.720622     1.737696     0.331435     0.102230     0.920855     25
   -1.805264    -1.144659    -1.390252    -0.262939    -0.612471    -0.999198     0.920855     25
    0.587563    -0.492738     2.604215     1.259171     0.001180     0.775630    -2.140706     26
    0.301468     1.352782     1.510750     1.207224    -0.859170     1.616762    -2.140706     26
    0.042653     2.103946     0.364303     0.569863     0.168065     1.512205    -2.140706     26
   -1.516839    -0.587972    -1.337959     0.244792     0.780475     1.440102    -2.140706     26
   -0.784468    -1.337792    -1.326374    -3.542620    -1.043282     1.041138    -2.140706     26
   -1.492251    -2.382587    -0.539167    -1.701453    -0.290205     0.743158    -0.346752     27
   -0.671912    -2.144471    -1.907876    -0.725115    -0.755958    -0.658523    -0.346752     27
    3.568095     3.501901     2.538096     3.850355     1.239245     0.757940    -0.346752     27
   -3.080817    -1.537148    -2.223753    -2.259765    -1.429018    -1.686403    -0.346752     27
    1.009414     1.597039     3.366237     1.607851     0.091626    -0.190621    -0.346752     27
   -0.275570    -0.289910     0.384890    -0.365133    -0.476351     1.436216    -0.673732     28
   -1.699051    -1.270386    -1.950477    -1.325114    -0.619051    -0.834833    -0.673732     28
   -0.994441    -1.520464    -0.196572     0.016937    -0.339558     0.638482    -0.673732     28
   -0.755365     0.895542    -3.327791    -1.843268    -0.627391    -0.598753    -0.673732     28
   -1.105378    -3.081124     0.164654    -0.765116     0.458099     0.640912    -0.673732     28
    1.816374     1.140086     1.043167     3.617401     0.403811     0.294620     1.374043     29
    3.621246     4.053729     2.828383     3.765409     2.354633    -0.665930     1.374043     29
    0.680313     2.433970     1.407172     0.795821    -0.599451    -0.208660     1.374043     29
    1.157047     1.559025     2.198511     2.172625     0.641261     0.842633     1.374043     29
    2.412283     2.777305     1.770751     1.327115     1.937228    -2.238135     1.374043     29
    0.486199    -0.662430     0.125455    -0.419819    -0.314785    -0.362200    -0.683928     30
    1.540497    -0.240081     1.461123     2.039156    -0.112235    -0.187313    -0.683928     30
   -2.585876    -3.788689    -2.027070    -4.675079    -1.588698    -1.069710    -0.683928     30
    0.224329    -0.216784    -0.581779    -1.316840    -0.443019     0.334298    -0.683928     30
   -1.717550    -0.986663    -2.172943    -2.068745    -0.241326     2.214303    -0.683928     30
    1.013728    -1.773184    -1.351649    -3.007524    -1.513004     1.869022     0.907355     31
   -0.211453    -1.140002    -1.408492    -1.313117    -0.845481    -1.387254     0.907355     31
   -1.834773     0.062671    -1.073722    -1.005790    -0.386098     1.288272     0.907355     31
   -1.718754    -1.061391    -1.443988    -2.829502    -0.926492     1.005303     0.907355     31
    0.898633     0.300026    -0.000242    -0.972053     0.004076     1.248802     0.907355     31
    1.460943     0.799351     1.658446    -1.194747     0.078414     1.085124    -0.639910     32
   -3.322252    -1.723162    -4.262938    -1.884534    -2.110413    -1.123254    -0.639910     32
    1.001439    -0.521177     2.240053     1.453792     0.106959     1.984318    -0.639910     32
    0.421207    -0.068330    -0.026553     1.065902     0.639649     0.495635    -0.639910     32
   -1.025304    -1.617246    -1.202722    -1.391898    -0.703749    -0.100992    -0.639910     32
    0.167812    -2.455511     0.284911     2.338532    -0.999817    -0.258301     0.816596     33
    1.583132     0.410859     3.190057     1.521063     0.994073    -1.274004     0.816596     33
    2.955503     2.185107     3.731992     1.481644     1.675897    -0.260713     0.816596     33
    1.862036     2.571193     2.782376     3.948322     0.547148    -0.038227     0.816596     33
   -0.008769    -0.588153     1.613299     0.507931     0.862359    -0.222354     0.816596     33
    2.266254     2.060574     2.560850     0.142153     1.764455    -0.915962     0.309160     34
   -1.428997    -0.980137    -2.139499    -1.191242    -0.685819    -0.894259     0.309160     34
    1.102809     2.703912     2.268052     1.573279     1.583875     0.175496     0.309160     34
    1.048997     1.352104     0.404309     1.546336     2.044480    -1.396362     0.309160     34
   -1.378716    -0.971823    -2.391539    -1.511132    -1.292152    -1.857995     0.309160     34
   -1.555117    -1.273720    -1.189921    -2.007943    -0.880390    -1.329740     1.176444     35
   -2.616724    -0.457055    -0.794578    -0.598959    -1.460167     0.195514     1.176444     35
   -1.446364    -1.912990    -0.891700    -1.289327    -1.956816     1.716429     1.176444     35
    0.329372     0.882558     1.833504    -0.989737     0.170027     0.158056     1.176444     35
    2.332162     0.380428    -1.965603     0.079835     0.523138     0.035849     1.176444     35
    0.116678    -1.346301    -0.989181     0.297063     1.015916     0.497984     0.417526     36
   -1.934833    -2.217590    -2.758154    -0.633858     1.151012    -0.741840     0.417526     36
    0.319365    -0.409250    -0.464523     0.892637    -0.119120    -1.689436     0.417526     36
   -0.349057    -1.405884    -1.864725    -1.188028     0.166053     1.210102     0.417526     36
   -2.972369    -3.464348    -2.478358    -1.957495    -2.092496    -1.211235     0.417526     36
    0.819173    -0.201392    -2.048457    -1.190289     0.377692    -1.132450    -1.717221     37
    1.018354    -0.274809    -0.214595    -2.281362    -0.424478    -0.833602    -1.717221     37
    1.103535    -0.356212     2.020887     0.512744     1.573673    -0.004525    -1.717221     37
    1.251338     0.508387     2.275733    -0.814786    -0.152037    -0.816259    -1.717221     37
   -0.812518    -0.353995    -0.533630     1.455980     1.426047    -0.559702    -1.717221     37
   -1.030818    -2.253785    -0.251699    -0.617223    -0.689599    -0.384604    -1.788448     38
   -3.415802    -1.871794    -3.052700    -3.091870    -0.823686    -0.676526    -1.788448     38
   -1.799257    -1.445612    -1.033261    -0.819173    -0.523001    -0.970344    -1.788448     38
    0.132741    -2.170458     0.701518     1.173532    -1.490230     2.012930    -1.788448     38
    1.219306     1.315159     2.194618     2.838579     0.464191     0.168188    -1.788448     38
   -2.006790    -1.138899     0.211627    -0.557627     0.057985    -0.336235     0.641707     39
   -4.128340    -1.487672    -3.409611    -3.252746    -1.572059    -0.210356     0.641707     39
   -1.146882    -1.417124    -2.061778    -1.605250    -0.652424    -1.295268     0.641707     39
    0.622141     2.159607     0.807038     1.204999    -0.329194     0.412851     0.641707     39
   -2.025058    -2.753399     0.317849    -0.715033     0.341036    -0.308073     0.641707     39
   -2.162141     0.603934    -0.802999    -1.800024     0.204199    -0.158865     0.516941     40
   -0.598860    -0.202072    -1.096412     0.028360    -0.341944     0.337669     0.516941     40
    1.745105    -0.259669    -0.246307     2.088175    -0.634111     2.399375     0.516941     40
    1.471377    -0.299856     1.963534     0.735684    -0.975149    -0.546776     0.516941     40
   -2.744636    -0.406668     1.125734    -1.408892     0.710731    -1.592637     0.516941     40
   -0.309941    -1.531717    -1.850611     0.500826     0.827851    -0.513018    -0.599012     41
   -0.909132    -0.566028     1.064636     0.003697    -0.173983    -0.101387    -0.599012     41
    3.908037     4.795253     4.089409     1.799444     1.141173     1.018358    -0.599012     41
    0.339405    -0.160746    -1.038556     1.987252     0.151056    -0.000698    -0.599012     41
    1.248786     3.329004     1.366189     1.600907     0.149969     1.997318    -0.599012     41
    1.319976     0.113758     1.069959     2.673710    -0.193417     1.291242    -0.599012     41
    1.477730     3.942973     0.345993     2.769994     1.326499     1.053930    -0.599012     41
    0.846517     1.174738     4.058866    -1.398471     0.128975    -0.412197    -0.599012     41
   -2.782182    -0.766124    -0.069288    -0.086134    -0.610859    -0.313996    -0.599012     41
   -4.251402    -1.261049    -3.586015    -2.180638    -1.143603    -1.365609    -0.599012     41
    0.878602     0.113888     0.628728     0.284114     0.024525     0.020420     0.694200     42
   -0.132179    -1.720684    -1.358673    -1.361080    -1.797800    -0.219071     0.694200     42
    2.528896     2.111883     1.708406     3.196143     0.684646    -0.314433     0.694200     42
    2.684399     3.870913     2.458869     3.245279     0.623910     1.182181     0.694200     42
    1.637714     2.296343     2.245763     0.071087    -0.444438    -0.507829     0.694200     42
    2.427168     2.362797     2.532618     1.789480     1.099052    -0.341643     0.694200     42
    2.550269     4.282738     2.753202     2.660116     0.161801    -0.589877     0.694200     42
    2.262947     1.059555     4.602697     3.461621     1.047861    -0.136459     0.694200     42
    2.831653     2.069463     6.634445     3.647406     0.177168     0.704009     0.694200     42
    0.005054    -0.799499    -0.608535     1.988503    -0.878602     0.797037     0.694200     42
    1.164309     1.852406     0.657792     0.673788     0.167512    -0.050801     0.732999     43
    1.492990     0.413096     1.169889    -1.298225     0.055690    -0.759603     0.732999     43
   -0.383548     0.484448     1.711899    -0.571058     1.420132    -1.168394     0.732999     43
   -1.957032    -0.964229    -2.152909    -0.189444     0.334256    -0.366124     0.732999     43
    2.250138     0.486779     0.931845     0.111203    -0.567957     0.189903     0.732999     43
   -0.436295    -2.143628    -3.332442    -3.547128    -0.412080    -0.407762     0.732999     43
    2.310377     3.182707     2.952767     2.676642     1.308858     0.536587     0.732999     43
   -0.323370     0.381925    -0.820752    -0.533555    -0.501320    -0.586724     0.732999     43
    2.596752     2.329965     2.000864     2.187965    -0.647765     2.164616     0.732999     43
   -1.939098    -2.247017    -3.346004    -4.089881    -1.615090     0.826193     0.732999     43
   -2.150482    -2.600064    -1.093828    -0.866018    -1.387232     0.901956     0.098160     44
    0.525478     1.395548    -0.021786    -0.378992    -0.804499     1.311285     0.098160     44
    2.854624     1.637399     1.918748     2.189376    -0.377838     1.367537     0.098160     44
   -0.540859    -0.633654    -0.507345    -1.414218    -0.404304     1.022745     0.098160     44
   -0.324434    -0.202484    -1.595444     0.406305     0.587388    -1.055519     0.098160     44
    1.294361     1.765982     1.228142     2.985591     1.773524     0.299918     0.098160     44
   -0.835862    -1.187037    -2.036477    -2.045181     0.731587    -2.537239     0.098160     44
   -0.441017    -0.317696     0.321615     0.523896    -1.318203     0.387263     0.098160     44
   -0.771455    -2.770319     1.362135     1.651619     0.050114     0.696127     0.098160     44
    0.268831    -0.811057     0.873028     0.148465     1.137557    -0.607660     0.098160     44
   -0.415614    -0.358431    -0.455103    -0.046107     0.741192     0.878175     0.048383     45
   -0.452064    -0.680288    -0.319933    -1.325901     0.798089     0.576818     0.048383     45
    1.130916     0.163635    -0.524648    -0.045829     1.205467    -0.294056     0.048383     45
   -3.402062    -2.018335    -0.921085    -3.089086     0.806957    -0.697121     0.048383     45
    0.267386     0.734478     0.449890     0.272092    -0.840826    -0.730489     0.048383     45
   -1.250123    -1.380272    -1.504308    -2.072858    -0.402978    -0.887368     0.048383     45
   -1.872139    -2.380640    -2.598906    -4.550510     0.160045    -0.605463     0.048383     45
   -1.005018    -0.846507    -0.938909    -1.762417    -0.696227     0.991431     0.048383     45
    3.139239     4.092806     3.074789     3.654453     1.732203     2.299033     0.048383     45
   -0.836046    -1.412789     0.042520    -2.059964     0.436940    -0.285115     0.048383     45
    1.182318     2.585664     1.780839     2.729070     1.344307    -0.006921     0.167097     46
   -0.564181    -1.661563    -0.275238    -2.613996     0.422085    -0.604053     0.167097     46
   -1.671431    -2.019892     0.336706    -0.754005     0.845944    -0.810652     0.167097     46
    1.270942    -0.580572    -1.496546     0.297913     0.647527     0.266560     0.167097     46
   -0.431715    -1.314061    -1.487966    -2.038666    -0.996470     0.481848     0.167097     46
   -0.864909    -0.385842     1.056873    -1.367951     1.762426    -0.691298     0.167097     46
    0.604742     0.610539     1.595912    -1.580188    -1.684474     1.197059     0.167097     46
    0.610531    -2.108016    -1.490094    -2.090624    -1.214750    -0.703819     0.167097     46
   -2.711964    -2.578226    -1.234523    -0.083684    -2.381155    -0.772514     0.167097     46
    2.894673     2.084831     2.244178     2.649989     1.618600     2.113957     0.167097     46
   -1.096707    -0.710330     0.764555     0.011187    -0.571558    -1.008371     0.592832     47
   -0.559692    -1.620529    -0.538153    -1.676482    -0.443013     1.121176     0.592832     47
   -0.802326    -1.145064    -0.671882    -1.552097    -0.424529    -1.071889     0.592832     47
   -1.159960    -1.510011    -2.026217    -2.353732    -1.135098     0.323034     0.592832     47
   -0.201140    -1.052072     0.666544    -0.947806     0.571358     0.512884     0.592832     47
   -0.450235     1.229091    -0.414765    -0.498333     0.737562     1.579264     0.592832     47
    0.573777    -0.484624    -0.421240    -1.326329     0.319780    -0.553761     0.592832     47
    1.583454     2.594632     2.566989     3.905451     1.234234    -0.049045     0.592832     47
    2.480539     0.776057     2.320461     0.970609     0.664587     0.234475     0.592832     47
   -0.831697    -0.273025    -1.992886     0.008458    -0.391472     0.232526     0.592832     47
    1.134830     0.877739    -1.063708     1.410600     0.913772    -0.125329    -1.482984     48
   -1.405952     1.405557     1.213071    -0.905556    -1.022079     0.901825    -1.482984     48
   -1.582358    -0.610832     0.835427    -0.367822    -0.085558    -1.534957    -1.482984     48
    0.844532     2.833225     1.267450     2.022712    -0.017369    -0.169707    -1.482984     48
    3.466044     5.916752     4.961320     4.605663     2.137539     2.165530    -1.482984     48
   -0.623600    -0.537342     0.048614    -1.066698     0.263907    -1.128077    -1.482984     48
    0.955243    -0.233655     1.748141     1.613615     0.867706     0.525005    -1.482984     48
   -3.802633    -3.535779    -3.836319    -2.414464    -0.700448     0.622322    -1.482984     48
   -1.603083    -1.000999    -0.983274    -1.471956    -0.175031     0.592085    -1.482984     48
    0.801856     0.035620     2.296227     1.563022     1.079070     0.604669    -1.482984     48
    0.130372     0.210662    -0.562950    -0.026730     2.028398     0.137918     0.365797     49
   -1.260634    -0.220330    -1.544946    -1.797518    -0.277345    -0.129319     0.365797     49
   -0.310510    -0.635702    -0.329357    -2.745073    -0.685289     0.174807     0.365797     49
    2.332342     0.818379     0.617392     0.816654     1.051688     0.359966     0.365797     49
   -1.099706    -0.014589     0.608414    -0.360749    -1.488611     1.645198     0.365797     49
   -0.527953     0.540121     2.163549     1.559973     0.762862     1.168493     0.365797     49
    0.306713    -1.320464    -1.953930    -2.201985    -1.535144     0.741131     0.365797     49
    2.062168     1.787875     1.438896     0.611116    -1.287808     1.410583     0.365797     49
   -0.175406    -1.418744    -1.503872    -1.269771    -0.789988     0.592890     0.365797     49
    0.304942    -1.191405    -0.123059    -2.037591     0.894219    -1.865649     0.365797     49
   -0.865160    -0.007885    -0.292737     0.231014    -0.772304     1.469915     1.129067     50
   -4.277317    -3.591017    -4.094202    -1.759458    -1.165091    -2.961687     1.129067     50
   -3.584977    -1.668549    -1.863391    -2.068930    -1.368830    -0.810304     1.129067     50
    1.563929     1.328041     0.190217    -0.124310    -0.290517    -0.934453     1.129067     50
    1.723259     2.635958     1.970509     3.102824     0.734346     2.000210     1.129067     50
   -3.202617    -0.206153    -0.657854    -2.545190    -1.702340     0.348484     1.129067     50
    3.953657     2.700352     3.954440     3.478191     1.130088     1.334647     1.129067     50
   -1.538110    -3.910996    -1.887957    -3.066815    -1.221710    -1.555977     1.129067     50
    1.408698    -1.684437    -0.755585     0.787222    -1.114526     0.752559     1.129067     50
    0.097113     0.173572    -0.281759     0.538435     0.782606     0.328641     1.129067     50
   -2.020650    -1.206933    -1.397968    -0.440874    -0.356009    -2.136385    -0.686263     51
    2.355366     3.629343     2.345035     3.122788     1.728784     1.402498    -0.686263     51
    0.451938     1.088828    -0.266022     2.571958    -0.622165    -0.973578    -0.686263     51
    0.329692    -0.799143     0.662715    -0.007794     0.299046     0.334282    -0.686263     51
   -0.698811    -1.430920     0.677628    -0.858543    -0.616795    -0.743929    -0.686263     51
   -0.320159     0.331771    -1.798723     0.423819     0.468265    -0.961747    -0.686263     51
   -1.298180     0.469818     0.391771     0.038695    -0.396411    -0.420888    -0.686263     51
   -1.338984    -1.115978    -2.570201    -0.716185    -0.070381    -0.305155    -0.686263     51
    0.841965     1.773843     0.336013    -0.117049     1.502934    -1.042058    -0.686263     51
   -1.119144    -1.556914     0.758485     1.796710     0.688598     0.983356    -0.686263     51
   -1.249641     0.175500    -0.090983     0.268224    -0.472241    -0.057439    -0.350531     52
   -2.335902     1.979418     0.841231    -2.711963    -0.447839    -1.894921    -0.350531     52
    1.383682     1.200694     1.579888     2.466292    -0.110217    -0.861440    -0.350531     52
   -0.899560     0.792628     0.523436     0.381941    -0.598590    -0.503839    -0.350531     52
    2.928803     3.487660     4.026626     2.705407     1.176502    -0.458720    -0.350531     52
    1.629952     0.099370     0.440070     1.508733    -0.485138     0.907653    -0.350531     52
    2.631560     3.099569     1.805881     1.954549     2.075976     1.761027    -0.350531     52
    1.514374     0.179656     3.362483     2.169650     0.087394     0.987473    -0.350531     52
    1.912309     1.296422     0.483856     1.995353     0.847104     0.476581    -0.350531     52
    1.593521     1.755511     1.042465     2.270833     0.780592    -2.124279    -0.350531     52
    0.327948    -0.338644    -0.739026     0.128616    -0.890585     0.368351    -1.317616     53
    2.363274     2.108044     3.199906     3.854353     0.272723     0.621315    -1.317616     53
   -0.875550    -0.054759     1.929210     1.710169    -0.382454     1.087192    -1.317616     53
   -1.977366    -1.710162    -0.325630     0.976228     0.572250     1.189756    -1.317616     53
   -0.371892    -0.653301    -1.360341    -0.383468    -0.534158     1.367541    -1.317616     53
    0.755877    -1.138647     0.965384     0.607307     0.037533     1.148474    -1.317616     53
    0.019303     0.279750    -0.213064    -0.561968     0.360819    -0.047638    -1.317616     53
   -2.550319    -3.898607    -3.761065    -1.503480    -2.218841    -0.635689    -1.317616     53
   -0.383536    -2.341448    -0.738843    -0.905438    -0.306918    -0.793866    -1.317616     53
   -2.952478    -0.737311    -0.244976    -0.772833    -0.111046    -1.058975    -1.317616     53
   -2.459274    -0.313096     0.347699    -1.354270    -0.402721    -1.046634     1.516099     54
   -1.585967    -0.718031    -0.678858    -0.773925    -0.605617    -0.428633     1.516099     54
   -1.278786     0.059415     1.646219     0.555459    -0.149698    -0.367084     1.516099     54
   -0.920023    -0.805060    -1.364681    -0.672643     0.189285     0.471001     1.516099     54
   -3.167196    -2.674082    -2.023153    -3.276959    -0.467506     0.506848     1.516099     54
    1.020455    -1.934340    -2.098508    -1.788721    -0.711496    -1.560078     1.516099     54
    4.817127     1.799778     3.060746     3.328959     1.404210     0.666015     1.516099     54
   -0.109736     1.463760     1.048442     1.718996    -0.078850    -1.522013     1.516099     54
    1.368132    -1.488910     0.471685    -2.360976     1.827484     0.278461     1.516099     54
   -3.115101    -3.122951    -2.792491    -4.200535    -0.800566     0.001125     1.516099     54
    4.387464     3.381906     3.786556     2.492204     2.398725    -0.723318     0.092347     55
   -1.264688    -1.339963    -1.612487    -1.452640     0.235651    -0.844389     0.092347     55
    4.661567     2.754979     1.918413     3.396052     0.829271    -0.716556     0.092347     55
   -0.033468    -2.468006    -1.935300    -1.446853    -0.934992     0.376247     0.092347     55
    1.351081     1.562728    -0.162165    -0.111431    -0.078706     0.718203     0.092347     55
    0.910204    -0.478898     1.376434     1.976385     0.227438    -0.754416     0.092347     55
   -0.218766     1.594440    -1.197381     1.335127     0.189781    -1.050174     0.092347     55
    1.683389     1.532116     2.660937     1.997166     1.141184    -0.776651     0.092347     55
   -1.729740    -1.930184    -0.799970    -1.327283    -1.117367     1.089265     0.092347     55
    3.095286     2.975093     2.364163     2.029851    -0.871981     2.875863     0.092347     55
   -2.525851    -3.702596    -2.850030    -4.274120    -0.641346    -0.345296    -0.775487     56
    0.884355    -2.592245     1.487971     1.137062    -0.363363     0.195263    -0.775487     56
   -2.437248    -0.005264    -0.387193    -1.898492    -0.038972    -1.448291    -0.775487     56
    0.223867     0.253660    -1.580404     0.193544    -0.484705    -0.459960    -0.775487     56
    0.711149     0.374625    -0.008497    -0.602120    -0.001460    -0.300112    -0.775487     56
    0.047362    -2.804471     0.920158     0.394249    -0.900803     2.090500    -0.775487     56
   -2.906371    -2.675768    -1.430986    -1.681550    -0.217015    -0.633535    -0.775487     56
   -0.977231     1.094698    -2.391291    -1.058315     0.727768    -2.004498    -0.775487     56
    0.484747     0.489043     1.092715    -0.215890    -0.719831     2.564481    -0.775487     56
   -0.652423    -1.337742    -2.403608    -0.434495     1.350739    -0.988249    -0.775487     56
    0.101924     0.627288     0.958606     0.837359     1.348131     0.509069    -0.623297     57
   -2.391583    -1.650816    -0.676275    -1.013364     1.248278    -0.451198    -0.623297     57
   -3.691469    -2.099914    -0.553547    -0.300083    -0.570214    -1.220002    -0.623297     57
   -0.021008     1.292285    -0.519030    -1.130509     0.346363     0.089703    -0.623297     57
   -4.949643    -6.610384    -4.218763    -4.615499    -2.347387    -1.107763    -0.623297     57
    0.797276    -0.649182    -0.327779    -1.501336     0.149511     0.687695    -0.623297     57
   -0.430436     1.572487     1.028110     1.394796     1.936616    -1.184921    -0.623297     57
   -0.864194    -0.754149    -1.819149    -1.531845    -1.904471    -0.009182    -0.623297     57
   -3.170191    -0.149896    -0.821629     0.481497    -0.343279    -0.851995    -0.623297     57
   -2.221879    -2.525103    -2.037725    -0.606259    -0.522140     0.511122    -0.623297     57
    0.157199     1.789968     2.131988    -0.600406     0.426409     0.960944    -0.397955     58
   -1.047178    -3.157621    -3.995534    -2.218844    -1.676739     1.192032    -0.397955     58
   -0.573341    -1.242230    -0.921784    -0.131457     0.416741    -0.204859    -0.397955     58
   -0.365374    -1.691958    -0.283641    -0.389293    -1.572544    -1.180548    -0.397955     58
   -2.202603    -1.389368    -0.163373     0.227079    -0.569024    -0.251722    -0.397955     58
    1.596428     2.836478     2.443249     3.103439     1.704111     1.784595    -0.397955     58
   -0.487511     0.211652    -1.279156    -0.869609    -1.171197     1.455772    -0.397955     58
   -1.329440    -1.978244    -1.834989    -1.841389    -0.937823    -0.092719    -0.397955     58
   -0.207657    -1.873124    -0.879244    -3.801959    -1.069884    -2.844579    -0.397955     58
    0.008054    -0.562252    -1.465108    -0.111550     0.960690     0.607711    -0.397955     58
    0.400902     2.545765     1.695763     1.602466     0.178634     0.187349    -0.049463     59
    1.959861     0.022738     4.029540     1.748118     0.596278    -0.655354    -0.049463     59
    4.934455     2.148194     3.309614     4.979983     0.138550     2.375475    -0.049463     59
   -3.130805    -1.987531    -4.480227    -3.222913    -1.522310     0.071127    -0.049463     59
    2.878592     0.820764     1.525140     1.276158     0.185985     1.547614    -0.049463     59
    0.405623    -0.059733    -0.330439    -0.535004     0.586481    -0.707026    -0.049463     59
   -2.281433    -1.628398    -2.065123    -2.250025    -2.611970    -0.036074    -0.049463     59
   -0.575351     1.722133     1.309930     1.896397     0.876938     0.732001    -0.049463     59
    2.469178     0.853098     3.185722     3.031143    -0.243523     1.679547    -0.049463     59
    0.031306     0.045013     0.011519    -1.055126     0.645838    -0.890126    -0.049463     59
   -1.579303    -0.778442    -2.307110    -1.339870    -0.686258     2.127480    -1.471714     60
   -3.197119    -1.769369    -2.993258    -2.581284    -0.404607    -0.530633    -1.471714     60
   -4.886390    -2.827235    -2.512705    -3.583201    -1.031659     0.765087    -1.471714     60
   -0.156934    -0.013990    -1.038633    -0.272535     1.336492    -0.268720    -1.471714     60
   -3.430116    -2.206861    -2.230523    -2.313231     0.468777    -0.514249    -1.471714     60
   -4.221927    -4.607446    -3.469045    -2.295480    -0.491886    -0.733959    -1.471714     60
   -1.282143    -0.058015    -1.122922    -0.717077     0.745111    -2.136562    -1.471714     60
   -2.053758    -1.922002    -0.145769    -2.118674     0.510190     0.363042    -1.471714     60
   -3.182109    -3.864747    -0.993592    -3.671547    -0.524932    -0.717261    -1.471714     60
   -0.544578    -0.923692     0.060510    -1.909149     0.876748    -1.112251    -1.471714     60
    3.009779     1.713394     2.569655    -0.364256    -0.411746     0.835839     0.202020     61
    2.258056     0.945881     1.616543     0.827179     0.477741    -0.419173     0.202020     61
    0.030505    -3.883184    -0.429693    -1.070187     0.550236    -2.410674     0.202020     61
   -0.673693    -1.441985     0.400988     0.896863     1.298512    -1.106295     0.202020     61
   -0.017128     0.307694     0.275864     1.369604     0.384943    -0.349220     0.202020     61
   -1.301773    -2.675525    -2.468611    -1.061533     0.154775    -0.344814     0.202020     61
   -2.433454    -2.031853    -3.556168    -2.731114    -1.676610    -1.138522     0.202020     61
    0.234310     0.341360    -0.743071     3.560983    -0.639900     1.139791     0.202020     61
    0.738138     0.780761    -0.044791     0.342739    -0.313323     0.843048     0.202020     61
   -1.582749    -1.434634    -3.297532    -1.400641    -2.139142     0.600619     0.202020     61
    2.866654     2.840344     2.572937     2.819717     0.578133     0.021333    -0.237549     62
    2.595164     2.259788     2.958190     1.395820     0.491784    -1.273163    -0.237549     62
   -0.865533    -2.945287    -2.168434    -2.724433    -1.188231    -2.062220    -0.237549     62
    0.045083     1.993694     0.265396     0.261725    -0.026210    -1.776449    -0.237549     62
    2.240675     1.191361     0.625488     2.078286    -0.464526    -0.766446    -0.237549     62
   -2.594825    -2.147352    -1.048850     0.483496    -0.446023    -1.064198    -0.237549     62
    0.431046     1.124969     0.730897     0.987654    -0.586271    -0.789963    -0.237549     62
   -1.555814    -1.686755    -0.891857    -0.972659    -0.881165    -0.656460    -0.237549     62
    0.435056     2.780884    -0.014475     2.787574    -0.371965    -1.584346    -0.237549     62
    1.921622     0.740195     2.688563     2.778410     0.017205     1.956848    -0.237549     62
    0.692535    -0.489671     0.410022    -0.941571    -1.074743     0.926818     0.737038     63
    0.078321     2.779776     0.749448     1.446021     1.360969    -0.697861     0.737038     63
    2.867825     1.215538     0.800690     1.282612     0.941924    -0.622021     0.737038     63
    1.040022    -0.203134     0.566221    -0.811967    -0.188989    -0.304518     0.737038     63
    1.558293     0.828983     0.311755     1.562084    -0.033389    -0.929009     0.737038     63
   -1.988549    -0.401220     0.935966    -1.812047    -0.925426    -0.777916     0.737038     63
   -1.729938    -1.906296    -1.303160    -2.236469     0.223340    -2.105779     0.737038     63
    0.295533     2.159134    -0.771181    -1.251555    -0.436342     1.745025     0.737038     63
    0.519176    -0.830767    -1.762292    -2.299308    -0.074797     1.273963     0.737038     63
    2.681853     2.240982     4.596391     3.862377     0.983344     0.621990     0.737038     63
   -2.555271    -0.680717    -1.096072     0.487067    -1.646577     0.184778     0.415221     64
    2.236478     0.603967     0.741952     0.495024     0.010704    -1.874587     0.415221     64
   -1.085860    -2.210806    -2.116754    -0.876653    -0.128995    -1.138167     0.415221     64
    1.295951    -1.131191    -0.623060    -1.541022     0.871166    -2.346778     0.415221     64
    0.771750     0.133390     0.130893    -0.587752     0.316877    -0.050878     0.415221     64
   -0.344320     0.231230    -0.641463    -0.426079    -1.210881    -0.382016     0.415221     64
    1.664405     0.477292     2.859479     1.994799     1.554276    -1.287878     0.415221     64
    0.314188    -1.038712    -1.462844     0.453968    -0.629344    -0.395970     0.415221     64
    0.867477    -1.150775    -2.216695    -0.640761    -0.160837     1.712574     0.415221     64
   -4.017100    -4.394455    -4.227910    -1.447103    -1.807485    -0.002520     0.415221     64
   -2.254554     1.086372    -1.446700     0.149195    -1.349868     0.386426     0.527402     65
    0.031782     1.602798    -0.119309     1.235152     0.113735     0.099797     0.527402     65
    1.291821     0.734763     0.103862     2.063841     0.145101     1.132864     0.527402     65
   -1.870302    -0.521430     0.836379     0.708793    -0.141651    -0.328853     0.527402     65
    4.927281     2.792637     3.046609     4.225920     0.632669     0.441399     0.527402     65
   -1.695139    -0.924483    -0.852344    -1.910347    -0.443958     0.179650     0.527402     65
    1.445851     1.370969    -0.265495     1.990378     0.324780     0.218742     0.527402     65
   -0.249438    -1.338118     0.726547    -1.630976    -1.136219     0.994398     0.527402     65
    0.397274     1.280695     1.849917    -0.090707    -0.926885     0.062280     0.527402     65
   -1.880745    -1.186577    -0.065072    -1.479394    -1.339902    -0.421081     0.527402     65
   -2.241198    -1.621000    -4.711707    -3.180508    -2.200792     1.140850    -0.464371     66
    0.333266     0.189688     0.709788     1.437316     0.823227     0.555602    -0.464371     66
    2.075308     1.327237     1.636606     2.709251     1.215979     0.527274    -0.464371     66
   -1.182449     0.759257     0.758006     1.397757     0.607474     0.217108    -0.464371     66
    0.502144    -1.493114    -2.118480    -1.435664     0.829294     0.012862    -0.464371     66
   -1.677955    -2.537487    -2.454520     1.410409    -0.534390     0.500388    -0.464371     66
    2.029315     0.320013    -1.827171    -1.009840     1.356510     0.547873    -0.464371     66
    2.027886     0.769002     2.910105     1.061934     0.504218     1.249121    -0.464371     66
    3.772593     3.098559     2.717564     3.218885     1.451647     2.544003    -0.464371     66
   -0.173080    -3.005024    -0.797826    -1.510765    -1.399144     0.489041    -0.464371     66
    1.158685    -0.097271     0.475257     3.300808    -0.115041     0.700309     1.470038     67
   -1.417004    -1.923017    -1.956162    -2.230549    -1.821710    -0.811331     1.470038     67
    0.340592    -1.847893    -0.067568    -2.141491    -2.277750     0.237419     1.470038     67
    0.383421     0.991763    -0.724343     0.136529    -0.843853     1.705086     1.470038     67
    3.440477     1.683252     1.207103     3.406160     0.998372    -0.198195     1.470038     67
   -1.433377    -0.956781     0.178178     0.679969    -0.299316     0.512651     1.470038     67
    0.232546    -0.086916     1.282512     0.917511    -1.236409     2.004980     1.470038     67
    2.787020     4.566057     2.682566     3.201520     0.444683     1.704869     1.470038     67
    3.395640     2.166143     2.563151     4.787635    -0.365320     1.356037     1.470038     67
    1.058547     2.623628     1.406987     3.135181     1.029496     0.184714     1.470038     67
    1.525084     1.465220     0.418692     0.500389     0.215768    -0.678104     1.294631     68
    2.731302     1.279011     2.151316     2.117889    -0.108538     1.845874     1.294631     68
   -1.094757    -3.009286     0.066542    -1.890779    -0.048253    -0.831838     1.294631     68
   -0.951388     0.072385    -1.913539    -3.066849     0.886697     0.384125     1.294631     68
   -0.543763     0.141063     0.430751    -0.812931    -0.998686    -0.965376     1.294631     68
   -0.715173    -0.176245     0.976257     1.175111     0.009650     0.852105     1.294631     68
    0.203793     1.325034     0.378126     0.145442     0.874132    -0.885064     1.294631     68
    2.098207     2.975750     2.260626     2.532615     1.491488     1.156193     1.294631     68
    1.365839     1.644240    -0.933837     0.717539     1.040590     1.675437     1.294631     68
    3.834492     1.644958     0.859118     2.987777     1.277725    -0.092660     1.294631     68
    1.141155     0.533558     2.422825     0.198628    -0.333640    -1.082785     1.903272     69
    1.596997     1.559381     3.290051     1.811035     1.635157    -1.953054     1.903272     69
    3.940127     2.936705     3.837825     3.577257     1.017909     0.866408     1.903272     69
    1.132826     0.408294     0.854652    -0.439373    -0.540590     0.792054     1.903272     69
   -1.141865    -2.292640    -2.037335    -1.260740    -1.848014    -1.036694     1.903272     69
    2.081342     1.415669     3.503845     2.033754    -0.539808    -0.333100     1.903272     69
    2.629005     0.656422     3.861734     2.807457    -0.037000    -0.653133     1.903272     69
    0.667904    -0.083196    -0.666396     0.303359    -0.227884    -0.599141     1.903272     69
   -0.582702     1.108491    -0.094259    -1.138756    -0.665091    -0.197010     1.903272     69
    2.552087     2.349431     2.364249     1.389081    -0.430215    -1.115332     1.903272     69
   -0.064945     0.057150     0.739135     0.944392     0.279602     0.552459     0.038248     70
    1.269269     1.685886     3.519018     0.770779     1.625496     0.363729     0.038248     70
   -0.168326     0.438079     1.124213    -1.188943     0.377631     2.288274     0.038248     70
    3.513461     1.025368     1.559766     2.949426     0.272746     1.206638     0.038248     70
    0.593506     2.259649    -1.431269     0.700602     0.423853     1.221628     0.038248     70
   -1.626958    -0.007729    -2.039019     1.776439    -0.645602    -0.151429     0.038248     70
   -0.467059     0.765379     0.742182    -1.898523    -0.792748     0.580844     0.038248     70
    1.366584    -0.660772    -0.840168    -0.899481    -0.012673     0.692817     0.038248     70
    0.881221    -0.150806    -0.541610    -0.059400    -0.742571    -0.116327     0.038248     70
    0.193997     0.497460    -0.687492    -1.973612    -1.405948    -0.999699     0.038248     70
    3.172638     0.598052     0.509546     1.596595    -1.073817     1.784783    -0.136061     71
    0.680575     1.363238     0.612783     0.155116     0.142383     0.501559    -0.136061     71
   -2.072024     0.895656     0.468420     1.107216     0.236069    -0.271374    -0.136061     71
   -2.618748    -1.333840    -0.131366     0.600875    -0.147517    -0.397262    -0.136061     71
    2.008841     2.570141    -0.416107     1.879078    -0.988832     1.670049    -0.136061     71
   -1.687419     0.923255    -1.678180    -1.281561     0.247511    -0.203041    -0.136061     71
   -2.041009    -2.103194    -1.729022    -4.299505    -1.339434    -0.235326    -0.136061     71
   -1.886720    -1.989192    -1.549301    -2.390961    -1.009628    -0.033113    -0.136061     71
   -0.762235     0.307136    -2.190560    -1.344433     0.418169     0.939441    -0.136061     71
    0.864570    -0.468106     1.951152     1.721929     0.070391    -0.058938    -0.136061     71
   -3.820679    -1.872324     0.023054    -1.091775    -1.329085    -0.826169     0.405401     72
    1.764949     1.172570     0.359116     0.897144     0.294619     0.332424     0.405401     72
    0.258652     0.641538    -0.260978     0.949758    -0.033907     1.464315     0.405401     72
   -2.700006    -2.652056    -2.395122    -3.039530    -1.855492    -0.317738     0.405401     72
   -5.670915    -4.611474    -4.155413    -4.973125    -2.217967    -0.897148     0.405401     72
   -0.145931    -0.984613     0.999281    -0.679604    -0.788641     1.910193     0.405401     72
   -1.484172    -1.391352     0.750215    -1.367262     0.380827     0.894839     0.405401     72
   -0.151888    -0.515276     0.683346    -0.972875     0.584457     1.070342     0.405401     72
   -3.084510    -3.211417    -1.796646     1.314157    -0.207183    -0.870338     0.405401     72
   -1.578404     0.597752    -2.879997    -1.472831    -0.580244     0.403917     0.405401     72
    4.208495     4.940947     0.708962     3.793649     0.572558     1.337748     0.934343     73
    1.722516     2.994280     2.676651     1.224962     0.338420    -0.510209     0.934343     73
    0.677947     0.450502    -1.923800    -0.956978     0.056763    -1.350874     0.934343     73
   -2.372363     0.788040    -0.385606     0.491683    -0.795711     0.443770     0.934343     73
    2.806850     1.674050     1.111110     1.698765    -1.477703     0.842634     0.934343     73
    0.596865    -0.663374    -0.903311     0.116086    -1.764504    -0.493823     0.934343     73
    2.992525     4.486223     1.452518     1.234613     0.851162     0.375627     0.934343     73
    1.577424     3.186054     3.191155     4.612972     0.515716     0.845811     0.934343     73
    0.007796     0.844647    -1.420267    -1.012620     1.309811     0.076934     0.934343     73
    1.967935     0.713210    -1.473548     0.508201    -0.567736     0.465838     0.934343     73
    2.987593     3.845166     0.542269     2.367249     0.444731     0.175788     0.787051     74
    1.292614     2.662036     3.952616     2.088521     0.157349     0.683580     0.787051     74
   -0.627412    -0.604158     1.069476    -0.075180    -0.107531    -0.927897     0.787051     74
   -0.441425     1.706760     0.394310    -1.140779    -0.480798    -0.123811     0.787051     74
    0.256802    -1.033190     1.071333     2.296341     0.819085    -0.382513     0.787051     74
    2.207674     4.500037     3.216704     2.243005     1.298921    -0.525083     0.787051     74
    2.241030     1.514341     1.972348     1.962606     1.489096    -0.502329     0.787051     74
    0.652767    -0.291694     0.225828     1.999227    -0.003392    -0.076159     0.787051     74
    1.775087     0.790413     1.174180     1.832400    -0.035569     1.353039     0.787051     74
   -0.795514     0.984624    -0.904527    -1.318398     1.012859    -0.283043     0.787051     74
    2.020221     2.518889     2.403586     0.298165     2.151490    -0.141500     0.479898     75
    2.644121     0.701736     1.089457     1.272556     0.293831     0.337018     0.479898     75
   -0.869061    -0.352842     0.039110     1.195421    -0.205619    -0.082886     0.479898     75
   -2.182599    -1.977281    -3.894169    -3.973286    -2.071427    -0.768529     0.479898     75
   -2.575271    -0.798174    -0.033223     0.558226    -1.381634     0.798493     0.479898     75
   -0.081581     2.344680     4.445494     0.097063    -0.228387     1.258463     0.479898     75
    1.362068     2.225320     1.603070     1.507271     0.546760    -0.805114     0.479898     75
   -0.775317    -0.329976    -1.258850     0.133548     1.194652     0.627076     0.479898     75
   -0.064128     0.381473     1.035621    -0.568958     0.233724    -0.209552     0.479898     75
   -1.115245     0.673574    -0.227078    -0.191114     0.621804     1.050454     0.479898     75
    4.153718     2.452295     2.962059     1.659449    -0.823584     0.908591     0.904164     76
    3.413448     3.410508     4.848900     3.306092     1.818025    -0.028136     0.904164     76
   -1.987893    -2.708222    -2.507986    -3.008038    -0.717685     0.810688     0.904164     76
   -2.759461    -0.878000    -1.518645    -1.456620    -1.353951     0.240017     0.904164     76
   -3.435597    -4.376824    -4.550981    -3.771073    -2.431611    -2.854881     0.904164     76
    0.212384    -1.255494    -1.251824    -0.528886    -0.828170    -0.395208     0.904164     76
    0.112774     0.059517     0.309468    -0.566341    -0.185555    -0.316268     0.904164     76
   -0.955085    -1.745479    -1.095766    -0.977645    -1.063271    -0.566199     0.904164     76
   -0.436878     1.234877     2.735242    -1.167943    -1.250382    -1.360581     0.904164     76
    3.575413    -0.438079     0.454035     2.450386     0.295150     0.733635     0.904164     76
    0.115358     0.022089    -0.747643     1.312845     0.043699    -0.011443    -1.311321     77
   -0.111481    -0.486775    -0.796223    -0.353848    -0.787575    -1.053687    -1.311321     77
   -2.137424     0.854632     0.145961    -1.372550     0.824343     0.432822    -1.311321     77
   -2.183658    -0.712349    -1.613387    -2.806371    -1.432607    -1.120327    -1.311321     77
    0.544739     1.470958    -0.538733     1.565154     0.501036     0.436758    -1.311321     77
    2.139938     0.560848    -0.024681     0.300612     0.116867    -0.851469    -1.311321     77
    0.386622    -0.710105     0.559789    -1.278773    -1.326085     0.056242    -1.311321     77
    1.354745    -0.391704     1.712932    -0.213217     0.962774    -0.405602    -1.311321     77
   -0.089745    -0.665700    -1.956980     0.621076    -1.522562     0.718201    -1.311321     77
    1.272165    -0.881449    -0.682865    -0.132610    -1.793283     2.497643    -1.311321     77
    0.724918     1.353737    -0.821458    -2.348750     0.670473    -0.490176    -0.836979     78
   -2.982841    -2.148810    -4.114621    -1.410510     0.132352     0.223253    -0.836979     78
    2.485572     2.536018     2.754571     4.598840     2.076129     0.351525    -0.836979     78
   -1.836491    -2.512645    -2.442846     0.062764    -0.427330    -1.948386    -0.836979     78
   -0.153181    -1.448810    -0.859810    -0.135943     0.495670     0.696834    -0.836979     78
    1.181020     0.222188     0.120513     1.145015     1.054042     1.690443    -0.836979     78
   -1.362048    -2.965194    -0.769528     0.312319     0.033609    -0.821386    -0.836979     78
   -2.402332    -2.366272    -1.599631    -2.137102     0.050461    -1.731389    -0.836979     78
    3.405800     3.495867     5.020733     2.572861     0.745758     0.943276    -0.836979     78
    0.814194    -0.025548     0.330039    -1.807831     0.059074    -0.743345    -0.836979     78
   -2.092788    -2.546431    -1.246849    -0.012402    -0.479231    -0.162270    -0.451152     79
   -0.496014    -3.156440    -0.566759    -1.227875     1.204966    -0.331506    -0.451152     79
   -2.877734    -1.226639    -2.424188     0.766127    -0.942061     0.378857    -0.451152     79
    2.623445     1.271644     0.798078     4.564114     1.298067     1.219194    -0.451152     79
   -1.130799    -1.398027    -1.242542    -1.330987     0.258527     0.062429    -0.451152     79
   -3.202273    -2.246948    -2.816512    -2.901988    -1.041086    -0.687942    -0.451152     79
   -0.811997    -0.589334    -1.722775    -0.202176     1.381202    -0.209568    -0.451152     79
   -1.355365    -0.432596    -1.718292    -0.942032     0.850195    -1.179799    -0.451152     79
    0.608657    -0.215029     1.032483    -1.669119     0.772794     0.859551    -0.451152     79
    1.750773     1.097052     0.307707     1.324946     0.486585     0.342490    -0.451152     79
   -1.273786    -2.760220    -1.547917    -2.164233    -0.812261     0.037243    -0.326213     80
    0.210333     0.597517    -0.449948     1.553753     0.213097    -0.587768    -0.326213     80
   -0.051317    -0.690614    -3.134345    -1.140735    -0.106268    -0.670603    -0.326213     80
    0.242869    -1.254770    -0.146547    -0.496977    -2.154510    -0.370299    -0.326213     80
   -1.163719    -1.304800    -1.310011    -0.435152     0.490294    -1.499578    -0.326213     80
   -0.779529    -0.577894    -0.501640     1.125959     2.565777     0.044222    -0.326213     80
   -5.924984    -6.076024    -5.683043    -6.884813    -2.313179    -1.373460    -0.326213     80
   -2.146597    -3.679199    -0.959124    -0.879234    -0.498483     0.348426    -0.326213     80
   -0.678502    -2.821423    -2.791375    -2.272131    -0.060248     0.470596    -0.326213     80
    0.182164     1.700536     1.773757     0.183702     0.750008     0.163191    -0.326213     80
   -0.009209    -0.326901     0.431686    -0.210164     0.915052     0.449269    -0.950630     81
    1.481483     1.550668     0.562901     2.985308     1.423906    -0.276835    -0.950630     81
   -1.475338     1.693436     0.677883     1.411007     1.234286    -0.068180    -0.950630     81
    0.024093    -1.220088    -1.828870    -0.332153    -0.202308    -0.513659    -0.950630     81
   -0.181948    -1.334129     0.921382     0.974622     0.255126     0.643885    -0.950630     81
    2.464701     2.753958     1.399381     2.244409     1.169671     0.221405    -0.950630     81
    0.489380    -1.210110    -1.683035    -0.530229     0.038205     0.159525    -0.950630     81
    1.631323     1.306099     1.590366    -0.596831     1.843827    -0.677604    -0.950630     81
    2.086814     0.399001     1.398148     1.169234     1.244816     0.947128    -0.950630     81
    3.584691     2.698641     1.468636     2.751126     1.753571    -0.386998    -0.950630     81
   -2.351766    -2.207541    -1.794374    -2.866070     0.244606     1.334928    -0.140063     82
    0.707972     1.698867    -0.060306    -0.543531     1.013415    -1.095294    -0.140063     82
    1.309276     2.601971     4.369968     2.501545     0.468624     0.253544    -0.140063     82
   -3.540127    -1.177512    -2.011830    -3.060996     0.462564     0.699960    -0.140063     82
   -1.865827    -0.298596    -0.447764    -1.097053     0.238448     0.249440    -0.140063     82
    1.320497     0.390691    -2.191381     1.209297    -1.222695    -0.283091    -0.140063     82
    1.262284     0.689762     1.978090     1.921372     0.697922     1.188678    -0.140063     82
    2.095921     3.624543     2.719079     2.350730    -0.877945     1.340558    -0.140063     82
   -0.681497    -0.966973    -1.459038    -1.733682    -0.072180     0.508795    -0.140063     82
    1.059486     1.245240     2.287184     0.435794     0.266190    -1.103130    -0.140063     82
    1.736498     1.266728     0.873751     0.976250     0.291997     0.279017    -0.052494     83
   -0.775275     0.386479    -0.089511     0.333876    -0.436532    -0.718526    -0.052494     83
    4.897577     4.149580     4.116576     5.471053     1.490215    -1.207555    -0.052494     83
    0.386012    -1.610139    -0.061998     0.381009     1.060086    -1.278398    -0.052494     83
   -2.890302    -1.733025    -0.472726    -0.011539    -0.103299    -1.316671    -0.052494     83
    0.325603     1.114735     1.660708     0.810680     0.248821    -0.861683    -0.052494     83
    2.638409     0.399315     2.483439    -0.987657     0.346854     1.458429    -0.052494     83
    3.003824     0.769515     2.278744     3.474210     1.568244    -0.183429    -0.052494     83
   -2.014005    -2.369896    -0.462124    -1.182520    -0.544053    -0.898990    -0.052494     83
    0.434249    -0.980075     0.238343    -0.973289     0.169125    -0.951886    -0.052494     83
   -2.634929    -0.604576    -2.735485    -2.275397     0.730869    -0.078100    -0.795562     84
    1.521742     1.832935    -0.306519     1.122708     0.843260     0.401265    -0.795562     84
    0.589945    -1.159986    -1.628842     1.172905     0.265788    -0.642691    -0.795562     84
   -0.813006     0.246959     0.141797    -1.406347    -0.054028    -0.956598    -0.795562     84
   -0.772392    -1.335059    -1.399559    -0.541045    -0.099775     0.996829    -0.795562     84
   -2.608705    -0.899735    -1.395952    -1.977639    -2.066757     0.124715    -0.795562     84
   -0.431437    -0.377839     0.825967     1.215566     0.907972     0.002046    -0.795562     84
   -3.296740    -1.486800    -1.379354    -2.746367     0.387311     0.854925    -0.795562     84
   -0.176924    -2.682602     1.656849    -1.514682    -0.425027     0.548446    -0.795562     84
    1.509806     2.351278     2.077836     3.294576     0.743838    -0.063178    -0.795562     84
    0.896884     1.235390     1.720479     0.879289     0.067331     2.005375    -0.452089     85
    0.900203     0.467759     1.242483    -2.622873     0.605994    -0.562003    -0.452089     85
    2.266934    -0.331412     1.045675     1.847796     1.481406     0.642959    -0.452089     85
    0.002543     0.681693    -1.768878    -1.668616     0.980352     1.216705    -0.452089     85
   -2.077038    -2.872019    -1.060904    -1.267781    -0.048881    -0.012012    -0.452089     85
   -0.653266    -2.752036    -1.790912    -1.854467    -0.037840     0.596409    -0.452089     85
   -0.247714    -0.090718    -0.804565     0.056590     0.479014    -0.230296    -0.452089     85
    0.021341     0.641270     1.669712     1.480616     0.934967     0.310502    -0.452089     85
    0.337328    -0.460312    -0.614837    -0.464068     0.481412     0.743632    -0.452089     85
    1.525314     3.477862     1.316439     1.045797     0.991474     1.731334    -0.452089     85
   -0.729805    -3.799841    -0.569500    -2.016971     0.402482    -0.351398     0.289282     86
    3.166562     2.191972     1.049086    -1.010205     1.561441    -0.669044     0.289282     86
    3.956400     3.998119     1.910201     0.728023     0.604127     1.337575     0.289282     86
    2.429425     2.090492     0.996673     1.462986     0.611570     0.017263     0.289282     86
   -1.697194     1.167610     0.546394     1.984334     0.244987     0.469942     0.289282     86
   -1.978408    -3.750425    -0.106176    -0.854068    -1.997755    -1.322656     0.289282     86
   -2.537462    -2.534564    -1.407183    -2.995774    -0.824073     0.068031     0.289282     86
    2.307998     2.603800     2.674376     2.223361     1.758200     1.026748     0.289282     86
    0.771499    -0.044451    -0.984606    -0.484661    -0.496801    -0.207168     0.289282     86
    0.859019    -0.355381     1.759941     1.935208     1.374787    -0.596687     0.289282     86
    1.595168     0.976165    -1.158011     0.290239     1.444691     0.717700     1.354703     87
   -0.488891    -0.704284    -1.047345     0.594921    -0.209059    -0.432970     1.354703     87
    0.765127     1.468064     0.310639     1.926143    -0.040730     0.157747     1.354703     87
   -0.883386    -3.148201    -4.377282    -2.257773    -0.729885     1.059506     1.354703     87
   -1.098799    -2.375056    -0.782681    -0.720202    -1.023948     0.593568     1.354703     87
   -0.979488    -1.409198    -2.900795    -1.725708    -1.281353    -0.677007     1.354703     87
   -0.372705    -0.109426    -0.361154    -1.152803    -0.208738     1.430345     1.354703     87
   -0.457455    -1.773083     1.061059     0.786956    -0.629625     0.919901     1.354703     87
    0.204503     1.340705    -2.150638    -1.128269    -0.614475    -0.072133     1.354703     87
   -2.211352    -1.095445    -2.665394    -3.629598    -1.099708    -0.108930     1.354703     87
   -0.384477    -3.240360     1.283202    -3.277242    -0.214941    -1.687421    -0.059522     88
   -4.593745    -2.884819    -0.720268    -2.353966    -2.418104     0.952896    -0.059522     88
   -0.427720    -0.940437    -1.590018    -0.975670    -1.497285    -0.256912    -0.059522     88
    0.603482     0.333981     2.233642    -0.231427     0.812954     0.395138    -0.059522     88
   -0.435552    -0.765701    -0.469516    -3.073810    -1.955944     1.555293    -0.059522     88
    0.483252     2.316145     2.434820     1.147449     0.989128    -0.174261    -0.059522     88
   -0.402837    -1.681841    -2.023053    -0.737859     0.486444    -0.352710    -0.059522     88
    1.183537     2.314182     2.125110     1.327738    -0.035025     0.899075    -0.059522     88
    1.042267     0.607272     1.238790    -0.509851    -0.860178    -0.136437    -0.059522     88
   -2.615417    -1.516751    -0.421813    -1.838792    -0.110456    -1.129491    -0.059522     88
    6.659402     5.085626     2.718395     4.441362     1.653843     1.354910    -0.353671     89
    0.414524    -1.607983    -1.867001    -0.689511     0.162868     0.536744    -0.353671     89
    1.016356    -0.339259    -0.424282     0.598662    -0.307903     0.156602    -0.353671     89
    3.395896     3.603244     2.262032     2.471046    -0.186846     0.864011    -0.353671     89
    0.758496     0.284468     0.660838    -0.655845    -0.522209     0.273654    -0.353671     89
   -0.831705     0.458182    -0.212563     0.800329     0.110591    -0.266113    -0.353671     89
   -4.132465    -3.681798    -4.134068    -2.679740    -0.037340    -0.428578    -0.353671     89
    2.193880     2.611710     0.136495     1.855388     0.421534     0.774125    -0.353671     89
    1.601224     0.017365     1.259411     1.342067    -0.022805     2.553641    -0.353671     89
   -1.755577    -0.031578    -0.943586    -0.922896    -1.569105     1.533501    -0.353671     89
   -0.466207    -0.312175     2.335804     0.912340     0.714575     1.407772    -0.219924     90
   -1.064998     0.321936    -0.846669    -1.380676    -0.235106    -0.887206    -0.219924     90
    0.920146     1.814873     1.593810     1.579787     1.862277     1.746406    -0.219924     90
    1.074371    -0.647429    -0.513499     0.044519     0.755547    -0.397870    -0.219924     90
   -0.896906    -1.410364     1.554082     0.162594    -0.643635     0.806477    -0.219924     90
    0.071857     0.106030     0.986423    -1.198220     0.068907     2.074775    -0.219924     90
   -0.274820     1.948182     2.565553     1.161426     0.366903     0.860507    -0.219924     90
   -2.369235     0.526580    -1.770295     0.084579     0.425078    -0.754861    -0.219924     90
   -1.994724    -2.655614    -0.917043    -0.957492    -0.331756    -0.959120    -0.219924     90
    2.245674     2.254261     1.930028     1.217338     0.752564     1.781409    -0.219924     90
   -1.614932    -0.565662    -0.123132     0.181591    -0.044499    -0.038632    -1.045279     91
    1.644238     0.893092     1.527635     2.077175     0.815167    -0.039818    -1.045279     91
   -0.952454     1.079362     0.089425     0.802862     1.549288     0.463121    -1.045279     91
   -0.717083    -1.383174    -1.726385    -3.461764    -0.711785    -0.494862    -1.045279     91
    1.585749     0.492608     3.232032     2.311679     2.336610     0.931757    -1.045279     91
   -1.727562    -1.644841    -0.468921    -4.358073    -0.999087    -0.723212    -1.045279     91
    1.682368     2.761634     2.484121     2.268533     1.196570     1.209585    -1.045279     91
   -0.696448     1.699088    -0.359417     1.393386     0.856835    -1.248611    -1.045279     91
    0.717046     1.615167     0.374411     1.842185    -0.463198     1.416725    -1.045279     91
   -1.078635    -1.558935    -0.060739    -1.585896     0.735427    -0.444965    -1.045279     91
   -0.202649     0.289387    -0.611569     0.373245     0.312140    -0.655082    -1.045279     91
   -2.694800    -2.248734    -3.055923    -0.408727     0.181242    -0.369410    -1.045279     91
   -1.863647    -0.827507    -4.078389    -0.709689    -1.698166    -0.629114    -1.045279     91
    1.086936     1.196455    -1.996016    -0.775531    -0.475233     0.799060    -1.045279     91
   -0.651818     1.093295    -0.632460     1.334961    -0.392100    -0.170071    -1.045279     91
    2.865793     1.989067     1.819643     2.491738     2.028547    -1.802743     0.563546     92
    0.333213     0.635209     2.213480     3.837773     0.838722     1.053000     0.563546     92
    1.051432     1.379014     2.230065     1.434244     1.210990    -1.164689     0.563546     92
    1.041065    -1.223128    -1.973928    -0.804878    -1.076453     0.455756     0.563546     92
    1.139186    -0.390328     0.692471    -0.986753    -0.982499     0.961727     0.563546     92
    1.704628     2.368899     0.737928     2.390040     0.776308    -0.693319     0.563546     92
   -0.511630    -0.468825    -0.567144    -2.407621    -0.715349    -2.017552     0.563546     92
    1.732195     0.383362     1.075315     2.485294     1.890000     0.580296     0.563546     92
    0.852692     1.109822     1.400616     1.249636     1.022243    -0.899984     0.563546     92
    2.411344     2.240575     2.248993     1.727142    -0.149684     1.286217     0.563546     92
   -1.818328    -2.208529    -2.727141    -2.482645    -0.232709    -2.017561     0.563546     92
    2.034391     1.742449     1.288800     1.578965    -0.559585     0.548581     0.563546     92
   -0.261228    -0.107633     1.153878    -1.623773    -1.756564     0.302735     0.563546     92
    1.006570     1.154279     0.213005     0.361497     0.862918     0.454692     0.563546     92
    2.216304     0.827578     2.002641     0.950034     0.235944    -0.768648     0.563546     92
   -3.989223    -3.406854    -2.482595    -2.839985    -0.194775    -1.423761    -1.454262     93
   -0.032669     3.127238     0.067718     0.099879     0.383825    -0.597008    -1.454262     93
    0.091483     0.597038    -1.405112    -0.628101     0.524016    -1.089715    -1.454262     93
   -0.024182    -0.752926    -1.296340    -1.073583    -0.058954    -1.010700    -1.454262     93
   -0.713506    -0.698741    -1.292403    -0.451434     1.090032     0.409995    -1.454262     93
   -1.891801    -1.546609    -2.487659    -3.422335    -0.414757    -0.076322    -1.454262     93
    0.874258    -0.495676    -0.106430     0.414225     0.724395     1.849376    -1.454262     93
   -0.127533     1.052366    -0.812775     0.255608     0.685695     0.220574    -1.454262     93
   -2.430037    -0.462750    -1.794228    -2.621377    -1.339583     0.083226    -1.454262     93
   -0.886452    -0.719782     1.388643    -1.044992    -0.715340    -0.722434    -1.454262     93
    1.892623    -0.273100     1.442330     0.637482     0.576143     0.321230    -1.454262     93
   -2.301601    -2.146447    -5.045742    -3.971902    -0.146309     0.264381    -1.454262     93
   -3.416799    -3.233467    -1.520301    -0.614646    -0.387559     1.305469    -1.454262     93
   -2.835136     0.080179    -0.775887    -4.274246    -0.516382    -0.465124    -1.454262     93
   -1.748993     0.274561    -1.800523    -1.462622    -1.193881     1.343249    -1.454262     93
   -1.372609    -1.392701    -0.655195    -3.393528     1.745631    -0.555015    -1.515599     94
   -0.013349    -1.871354    -0.658400    -2.452099     0.026168    -0.050028    -1.515599     94
   -3.094249    -4.183401    -1.950905    -2.919805    -1.145299    -0.554159    -1.515599     94
   -2.170000    -2.975473    -0.845406    -0.000935    -0.810140    -1.370930    -1.515599     94
    0.026671    -0.290302     0.244021    -0.329985    -0.252975    -0.121662    -1.515599     94
   -2.867898    -2.813354    -2.889754    -2.791469    -1.765134     0.190813    -1.515599     94
   -2.859030    -1.492926    -3.161612    -3.216571    -0.909377    -1.180642    -1.515599     94
   -3.122281    -2.123559    -0.990760    -2.049817    -0.280325    -0.502105    -1.515599     94
   -1.069245    -1.993931    -0.763121    -1.081647    -1.368197    -0.685591    -1.515599     94
   -0.452582    -2.353994    -2.414410    -2.961268    -0.893616     0.171666    -1.515599     94
    0.068424     0.010609    -0.420925     0.886919    -0.013225    -0.052598    -1.515599     94
   -0.423635     2.553959     0.769351     0.423823     1.152928    -0.614226    -1.515599     94
   -0.948009     0.996209     2.109275     0.268163    -0.580088     1.604681    -1.515599     94
   -2.030850    -0.136824    -2.455539    -1.292372    -0.466333    -1.047723    -1.515599     94
   -2.059166    -0.977006    -2.713601    -1.602746    -0.617056    -0.109788    -1.515599     94
    0.974004     0.467341     0.563389     1.361916     0.586929    -1.604199     0.754915     95
    1.243256    -1.302242    -0.751755    -0.743376     0.856675     1.127793     0.754915     95
    0.531100     2.642893     2.600359     1.929690     0.697076     0.291077     0.754915     95
    0.583969     3.078483     2.375962     0.146675     0.589213    -0.219628     0.754915     95
   -1.399682    -0.201820    -0.967367     0.067952     0.116683    -1.433195     0.754915     95
    1.255432     2.004318     2.810230     2.347107    -0.103010    -1.187738     0.754915     95
   -1.385767     0.948725    -0.116128     1.123535    -1.281236     0.450138     0.754915     95
   -0.424692    -1.823650    -0.465184     0.203221     0.192065    -1.680096     0.754915     95
    1.018433     1.760327     1.173690     0.196373    -0.165749    -0.962217     0.754915     95
    3.343764     2.746422     2.070264     2.349231    -0.446248     0.365239     0.754915     95
    0.973328    -1.009992     0.137218     0.889211    -0.246945    -0.338636     0.754915     95
   -2.649156    -5.308729    -3.451832    -4.536523    -2.429996    -0.103156     0.754915     95
    0.973619     2.207627     3.333973    -0.186924     0.785168     0.199751     0.754915     95
    6.147587     5.662634     5.207881     6.096664     2.863768     1.942001     0.754915     95
    1.182196    -0.024078     1.707764     0.813701     1.848087    -0.746020     0.754915     95
   -0.650634    -0.132886    -0.494205    -0.948221    -0.443220    -0.145809     1.304131     96
    0.032229    -0.020509     0.221121     2.439282    -0.719424     0.431301     1.304131     96
    0.285881     0.749078    -0.303574    -1.416510    -0.974432     1.190872     1.304131     96
    0.282559    -0.981671     0.622039    -0.740593     1.040717     0.080783     1.304131     96
   -1.819571    -0.773054    -0.112042    -0.661974     0.744752     0.404519     1.304131     96
   -0.787757    -2.329315    -1.783680    -1.700624    -1.392391    -0.479061     1.304131     96
   -0.577897    -1.998447    -2.199749    -1.258912    -1.405012     1.071667     1.304131     96
    0.809826    -0.422908     1.065328    -0.089871     0.377632    -0.269649     1.304131     96
   -1.318556    -1.870046     1.946868    -0.700076     0.524902    -0.371531     1.304131     96
   -0.632166    -0.961520    -0.412234    -0.798243     0.546981    -0.243528     1.304131     96
    0.128627    -2.205638     1.126880    -0.286280     0.212328    -0.895814     1.304131     96
   -1.348647     0.075116    -2.076722    -0.762295    -1.432392    -0.101248     1.304131     96
   -0.497780     0.719134     0.304547    -0.585925     2.246520    -0.282414     1.304131     96
    0.685349    -0.677608    -0.812498     0.396284     1.191520    -0.278942     1.304131     96
   -0.270751     0.149804     1.541406     0.992199     0.987526     0.674658     1.304131     96
   -0.349851    -2.607227    -0.355651    -0.699376    -0.633148    -0.636006    -0.416875     97
   -1.320129     1.200583    -1.388757    -0.621937    -0.884807    -1.083717    -0.416875     97
   -0.029788     0.969144     1.887625    -0.037551     0.209769     0.430746    -0.416875     97
   -1.075674    -1.094589    -4.024243    -1.017295    -0.305678    -1.460451    -0.416875     97
    0.337401     1.427244     3.780975     0.588819    -0.340779    -0.419707    -0.416875     97
    1.438318     3.577079     0.126092     1.854607     1.534117    -1.106605    -0.416875     97
    0.390502     2.000748     1.019184    -1.228265     0.393404     0.584217    -0.416875     97
    0.190190    -1.649169    -0.869388    -2.013916     0.335244     0.124339    -0.416875     97
    2.332326     2.902932     2.090955     2.161141     2.379094    -0.391975    -0.416875     97
    2.469045     1.340222     1.870949    -0.203163     1.043093     0.079376    -0.416875     97
   -1.777842     0.404168    -1.343375     0.953176    -0.597367    -1.619206    -0.416875     97
   -0.579070    -1.184849    -0.684677    -2.602838    -1.258997    -0.753935    -0.416875     97
   -0.708567     0.928422     0.175725     1.533702     0.426525    -1.330127    -0.416875     97
    1.223836     3.508387     2.792127     4.200079     0.924282     0.150345    -0.416875     97
    1.626500     2.309941     1.081613     1.738333     0.826256     0.248808    -0.416875     97
    3.076112     2.818031     3.367902     3.941703     1.651690    -0.949224     1.088524     98
    0.177849     0.216868     1.799307    -0.003559    -0.865446     1.862094     1.088524     98
    0.020283     1.742202    -0.042879     1.569778     0.012788     1.306614     1.088524     98
    0.667272     3.295468     4.111889     2.535529     0.290332     3.032890     1.088524     98
   -0.091088    -1.700366    -0.113669    -0.639647    -1.054518    -0.621211     1.088524     98
   -5.146380    -2.615013    -2.007287    -2.593728    -1.655454    -1.296461     1.088524     98
    0.105683     0.152599    -0.290008     0.359106    -0.231510    -1.699169     1.088524     98
   -1.920336    -2.050330    -4.040234    -2.256380    -0.422813     1.434296     1.088524     98
    2.021500    -0.418182     2.507702     2.850687     1.402680     0.515772     1.088524     98
   -0.065577     2.278761     2.795421     1.807418     0.814183    -0.489535     1.088524     98
   -0.420043     0.348636    -1.472503     0.873705     0.833183    -0.484406     1.088524     98
   -0.527466    -1.323858    -0.899559    -0.774905    -0.956753     1.609202     1.088524     98
    0.532926    -1.106312    -0.997205    -0.144761    -0.375319    -1.530413     1.088524     98
   -3.275397    -4.428040    -4.583098    -2.198191    -2.078235     0.243518     1.088524     98
    0.792126     2.280607     1.539443     2.558674    -0.362125     2.760676     1.088524     98
    1.239778    -2.477095    -1.273106    -0.069100    -0.266808     0.626512    -2.106048     99
   -1.142152    -0.897171    -0.491823    -0.518415     0.198035    -1.228048    -2.106048     99
    0.586377    -1.534633    -1.470257    -0.349950     0.461380     0.894531    -2.106048     99
   -0.270294    -1.210733    -1.133371    -2.078430    -0.531499     1.936930    -2.106048     99
    1.361612    -1.464686    -0.516127    -0.709137     0.457150    -0.388513    -2.106048     99
   -3.106646    -2.554451    -0.765539    -1.438809    -0.727716    -1.567364    -2.106048     99
   -0.857558    -0.256972    -2.531979    -0.211783    -0.676769    -1.364538    -2.106048     99
   -3.340751    -0.682595    -1.723199    -1.310779    -0.986264    -0.386480    -2.106048     99
   -0.166887    -0.037069    -1.224114     0.525787     0.593908     0.153247    -2.106048     99
    2.850919     2.205109     2.032240     1.786864     1.919425    -0.310479    -2.106048     99
   -1.687568    -1.382889    -0.467039    -0.985754    -0.082136     0.204130    -2.106048     99
   -2.437841    -1.108395    -2.151929    -1.311483     0.227562    -1.585111    -2.106048     99
    0.805182     0.326411    -2.076112     0.013780     1.355584    -1.975212    -2.106048     99
   -3.937927    -1.426139    -2.361185    -0.311328    -0.477102    -1.911142    -2.106048     99
   -4.223652    -1.528890    -1.627570    -2.133554     0.295151    -1.935679    -2.106048     99
    0.461691     0.294504     0.872963     1.508204     1.873022    -1.561515    -0.074194    100
    2.232506     2.645538     0.491335     3.133217    -0.777978     1.690261    -0.074194    100
   -3.706964    -2.879899    -0.793522    -1.727606    -0.761883     0.508100    -0.074194    100
   -5.991142    -4.716836    -3.365923    -6.476799    -2.584951    -0.227739    -0.074194    100
    0.521971     0.354671    -0.074630     1.644756    -0.892603     1.172584    -0.074194    100
    0.511873     1.440993     1.921267    -0.299540     0.608566     0.069418    -0.074194    100
    0.370061     0.569526    -0.992546    -1.654597     0.415824     0.868528    -0.074194    100
   -1.829919    -3.141976    -3.630258    -3.540695    -0.506036    -1.367727    -0.074194    100
    1.349677     0.419686     0.455114     2.266320     2.074770    -0.579012    -0.074194    100
    2.050092     3.719438     0.911025     2.225953     1.209967     1.217235    -0.074194    100
    1.031133    -0.246475     0.229165    -0.627035    -1.060781     0.371649    -0.074194    100
   -3.196017    -3.604810    -1.404084    -2.625581    -0.925165    -0.825062    -0.074194    100
    1.458240     1.642352     0.035100     0.939624    -0.421455     0.511482    -0.074194    100
   -1.767569     0.912168    -1.504620     0.441953     1.264215     0.821739    -0.074194    100
   -5.092027    -3.073628    -3.563430    -4.145507    -0.942045    -2.034302    -0.074194    100
   -3.183525    -3.176856    -2.963309    -4.335594    -1.693866    -1.532592     0.371492    101
   -1.910769     0.025427    -0.708668    -0.519107     0.267296     0.556871     0.371492    101
   -2.803350    -5.931570    -5.868860    -3.208032    -1.867707    -0.947482     0.371492    101
    0.642383     0.111191    -0.464828     0.988618     0.855980     1.138963     0.371492    101
    1.349526    -1.309653     2.105372     0.410144     0.512720    -0.116533     0.371492    101
   -1.723009     0.707200    -0.347124    -0.017842     1.121244    -0.252970     0.371492    101
    0.501551     0.873836     1.794057     0.802017     0.987987     0.745753     0.371492    101
   -1.167068    -0.612515    -0.219044     0.317601     0.046526    -0.170977     0.371492    101
   -2.396022    -2.188325    -2.490844    -1.400952    -0.169200     1.236263     0.371492    101
   -1.111630    -1.623545     0.397081     0.037008     1.593157    -0.862871     0.371492    101
   -3.342147    -3.036047    -3.299682    -1.831411     0.683969    -1.006449     0.371492    101
    1.799729    -2.008185    -0.342396    -1.604354     0.642697    -1.042338     0.371492    101
   -3.638020     0.171516    -2.001812    -2.264105     0.175806    -0.910850     0.371492    101
   -1.304362    -0.938284     0.630813    -0.777871     0.999967    -0.580782     0.371492    101
   -0.827271     1.458013     1.577957     1.506795     1.527178     1.314206     0.371492    101
   -4.384243    -1.436636    -1.152446    -1.025424    -0.107369    -0.316619    -0.764544    102
   -1.018477    -1.089779    -1.658321    -1.172992    -0.130015     0.592775    -0.764544    102
   -3.931220    -1.608633    -2.021892    -1.295966    -0.355921    -0.457486    -0.764544    102
   -0.675726    -1.456428    -0.915660    -1.498825     0.139657     0.594422    -0.764544    102
   -1.411229    -1.317724    -0.287865    -2.204301    -0.733074     0.726503    -0.764544    102
   -1.145769    -1.370806    -0.727950    -1.448470     0.147493    -0.664391    -0.764544    102
   -0.709784    -2.353428    -2.199512    -1.798704     1.518365    -0.406204    -0.764544    102
    0.445024    -1.111376    -0.945446    -1.200571    -0.423624    -0.502765    -0.764544    102
    1.463066     0.513337     0.780884     0.952468     1.188494     1.373102    -0.764544    102
    0.164970     0.552629    -0.468425     1.143691    -0.213814    -0.718982    -0.764544    102
    1.968220    -0.543463    -3.201175    -0.591209    -0.198354    -0.060358    -0.764544    102
   -2.692412    -1.909950    -2.577386    -0.477330    -0.368893     0.083364    -0.764544    102
   -1.409542     0.316184    -0.599289     0.401054    -0.252382    -0.468032    -0.764544    102
   -1.657676    -1.152637    -1.551521    -2.475881    -0.772904     0.358005    -0.764544    102
   -1.522915    -1.507580     0.189458    -0.956457     1.519483    -0.830565    -0.764544    102
   -1.664480    -0.805819    -1.447315     0.086037     0.990378    -0.539749     1.134666    103
    2.099955     2.948252     2.022730     0.540526    -1.022472     0.927449     1.134666    103
    1.912062     3.449586     2.377276     0.682969    -0.204473     1.562743     1.134666    103
   -0.286400     0.894542     0.314803     1.535874    -0.530922    -1.525492     1.134666    103
    0.948921     2.364204     0.577584     0.810444    -0.168003     1.983085     1.134666    103
    3.761678     2.238598     2.438170     2.068432     2.197289    -0.392324     1.134666    103
    1.249144     0.269285    -0.388493     1.539119     0.500630    -0.253790     1.134666    103
    2.753091     3.241561     3.484396     2.943843     0.504935     0.235517     1.134666    103
   -0.553991     0.826278     0.549010     2.070404     0.112289     0.108006     1.134666    103
    2.559197     0.175395    -0.055416     0.860771     1.656858    -0.653624     1.134666    103
   -0.186985    -0.866707    -0.067159    -0.879900    -1.629987    -0.980428     1.134666    103
   -0.129928     0.533358     2.112639     0.266827     0.855611    -1.220751     1.134666    103
    0.847742     0.789335     1.796440     3.072803     0.286038    -0.127372     1.134666    103
   -0.404571    -0.640320     0.458532    -0.023915     2.103619    -0.975802     1.134666    103
    0.851028     1.517385     1.137944     3.279006     0.642562    -1.950573     1.134666    103
    2.634846     0.507961     2.091795     1.107012     0.241608     0.047442    -0.726628    104
    3.782588     3.463443     1.586797     4.122108     0.517418     0.507060    -0.726628    104
    1.263776    -0.832778     1.085592    -1.207408    -0.081880    -0.318188    -0.726628    104
    0.921724    -1.418947     1.211732     0.747873    -0.904537     0.001296    -0.726628    104
    0.336842     3.171790     2.894975     1.903004     0.612635     1.509996    -0.726628    104
   -0.466130    -0.233975    -2.357517    -1.520397    -0.235725    -0.321684    -0.726628    104
   -0.801448     0.107645    -0.411713    -0.282025     0.300646    -0.770578    -0.726628    104
    0.684725     1.923824     0.511159     0.027230    -0.790244     0.909135    -0.726628    104
   -2.081198    -2.243885    -4.214695    -1.167120    -0.727351    -2.231834    -0.726628    104
    1.446326     1.664070     1.271592     0.593416     0.916347     0.522457    -0.726628    104
    0.054045     2.553492     2.815981    -0.121029     0.245581    -0.894409    -0.726628    104
    1.081894     1.766883     2.327404     2.321044     0.662242    -0.052783    -0.726628    104
    1.240117     1.155481     1.529171     1.042696     0.793891    -0.068300    -0.726628    104
    1.682675     0.401699     0.596458    -1.387415     0.323679    -0.067532    -0.726628    104
    0.554621     0.893733    -0.323169     0.484011    -0.465360    -0.390080    -0.726628    104
   -1.124383    -1.396448    -2.231129    -0.649384    -0.248959    -0.097125     0.438101    105
    1.228155     1.039369    -0.392241     2.041203     1.066330    -0.374782     0.438101    105
    2.002343     2.812824     0.368548    -0.156559    -0.434433     0.179011     0.438101    105
    0.561868    -0.514218    -0.292869    -1.846121     0.514044    -1.317589     0.438101    105
   -2.947300    -0.832547    -1.653208     0.277347    -0.970018     1.527141     0.438101    105
   -1.559765    -0.758747    -0.872760    -1.295845    -0.041462    -1.042846     0.438101    105
   -1.325631    -1.817734     1.006499    -3.023077    -1.422757    -0.355694     0.438101    105
    1.116991     3.374509     3.864949     2.526669    -0.110986     1.166050     0.438101    105
   -2.363073    -1.766679    -1.348254     0.446425    -0.431007     0.324137     0.438101    105
    0.073868    -1.058159    -3.357212    -1.656122    -0.417443    -0.993079     0.438101    105
    1.655645     2.145016     2.926545     2.593952     0.098323    -1.453279     0.438101    105
   -4.499316    -3.960724    -2.354995    -3.240019    -2.569399    -0.440220     0.438101    105
   -5.818956    -5.965729    -6.435431    -3.166404    -2.454778    -1.442189     0.438101    105
    0.860410    -0.964754    -0.643748     1.226957    -0.821676    -1.109409     0.438101    105
   -1.041716     0.756446    -4.019393    -1.954684     0.059965    -1.131792     0.438101    105
   -3.803427    -3.092741    -3.933050    -3.953424    -1.465809    -0.708931    -0.292792    106
   -0.987948    -2.216337    -0.107114    -1.878333    -2.494231     0.136453    -0.292792    106
    0.126593    -1.052371     0.105245     0.941405    -0.213956     0.441926    -0.292792    106
   -3.190203    -2.452373    -1.569210    -3.851010    -1.063308    -1.730372    -0.292792    106
    3.436402     1.326868     0.939289     2.907011     2.069329    -0.678034    -0.292792    106
    1.928283     2.112839    -0.138913    -0.995483    -0.561085     0.078628    -0.292792    106
   -0.882751     0.475558     1.451989    -0.701411    -0.869165    -0.341079    -0.292792    106
   -1.933886    -1.123879    -1.912452    -2.285380    -0.212544    -0.681174    -0.292792    106
   -3.638913    -3.685806    -2.766076    -3.082853    -0.816580    -1.110718    -0.292792    106
   -0.791502    -1.722989    -0.968086    -2.161301    -0.283621     0.407826    -0.292792    106
   -1.206852    -0.476590     0.659640     0.096460     1.147341    -1.185347    -0.292792    106
    0.242624     0.313933     1.503663    -1.032629     0.328945    -0.578484    -0.292792    106
    0.691183     1.434931     0.444965    -0.878072     1.659036    -0.630855    -0.292792    106
   -1.834942    -2.613057    -0.475973    -3.154545    -1.023996     0.694862    -0.292792    106
   -0.461419    -2.397265    -2.729341    -2.371083    -0.412393     0.387104    -0.292792    106
    1.686984     0.839241     2.257276    -0.051032    -0.086982     1.956921    -1.489301    107
   -0.572379     0.879405     0.917037     1.025059    -0.575482    -0.989813    -1.489301    107
    2.568411     0.941435     1.064541     1.421279     0.400275     2.088635    -1.489301    107
   -0.156353    -0.889982    -1.682322    -3.265735    -0.987176     1.561296    -1.489301    107
    3.933154     2.314763     3.707101     3.336919     1.129402     1.978451    -1.489301    107
    0.021749     0.188094     1.339549    -1.146981     0.420023     0.716333    -1.489301    107
    0.385384     1.625342    -1.956436    -0.935437     0.081731    -0.176980    -1.489301    107
   -0.987846     1.116694    -0.096565     1.853677    -0.295263     0.448302    -1.489301    107
   -0.308859    -0.230528    -0.435565     0.397259     0.339298    -2.001369    -1.489301    107
   -4.039515    -2.398612    -1.550502    -3.068389    -1.270099    -1.239543    -1.489301    107
    0.312567    -0.985186    -0.284178    -0.229259    -0.067284    -0.927524    -1.489301    107
    0.156633    -1.414469    -0.343345     1.037067    -0.607718     0.237445    -1.489301    107
    0.005079     0.307401    -2.177809     1.463416     0.204516    -0.000455    -1.489301    107
   -4.385670     0.320495    -1.873222    -3.258118    -2.219352     1.469704    -1.489301    107
    1.639027     0.691412     1.152360     0.581146    -0.184532     0.023401    -1.489301    107
    2.526506     1.945870    -0.190893     0.597062     0.454057     0.328775     1.905433    108
    0.961166     2.198477     1.512462     3.837569     0.208778    -1.197790     1.905433    108
    0.557540     1.624112     0.624921     1.265615    -0.855316    -0.327824     1.905433    108
    4.122897     3.220407     3.918967     2.894820     2.807065     0.644045     1.905433    108
   -0.455476    -1.912877    -0.521040    -1.020133    -0.516794     0.665708     1.905433    108
    3.096945     1.335249     1.988329     2.180743     0.990687     0.353000     1.905433    108
    5.637693     5.201282     4.755150     5.970496     0.884224     1.126486     1.905433    108
   -1.321643    -0.717148    -0.193736    -2.279844    -0.561005    -0.406575     1.905433    108
   -0.124100     0.128872    -1.583683     1.581467    -0.557319     1.680685     1.905433    108
    0.808399     2.301009     0.981312     1.873363     0.335528     1.259702     1.905433    108
    0.561076    -0.853954    -0.439246     0.881623     0.711171    -0.686836     1.905433    108
    0.357536     0.868618     2.306796     1.623443     1.774832    -0.158547     1.905433    108
   -0.673302     0.828358    -0.815372     0.883996    -0.043845     0.756236     1.905433    108
   -0.338398     0.427485     0.161057    -2.212491    -0.750141     1.086449     1.905433    108
    5.387919     3.053455     3.940380     4.496487     2.245023    -1.079788     1.905433    108
    2.275416     0.190204     2.178147    -0.410459     0.502008    -0.096171    -0.019060    109
   -0.218188     0.920311     0.346405     1.086321     0.923850     0.548633    -0.019060    109
    1.181184     1.271178     0.795136     0.618217     0.807045    -0.261380    -0.019060    109
    0.832922     0.991697     0.795184     0.151423    -0.953900    -0.599970    -0.019060    109
   -0.765309     0.087904     0.796262    -1.275549    -1.830343     0.161636    -0.019060    109
   -0.296676     0.197502     1.624687     1.502881     0.023764    -0.812128    -0.019060    109
    1.589754     1.284641     2.653869     1.266376     2.062184     0.228151    -0.019060    109
   -0.337128    -1.874209    -0.426770    -0.229360    -0.656362     0.512259    -0.019060    109
    1.826963     0.525722     0.753742     2.297325     0.626340     0.291883    -0.019060    109
   -0.588788    -0.489525    -1.167471    -0.207543    -0.144912     0.527944    -0.019060    109
   -0.240609     2.862683     1.464154     2.777218    -0.224069     1.873192    -0.019060    109
    2.340857     1.571114     1.369098     1.277343     0.768428    -0.237570    -0.019060    109
    1.356180     3.348672     3.421445     4.331919     2.271361     1.976592    -0.019060    109
   -1.793197     1.071570    -0.096892     0.733792    -0.021254    -0.380703    -0.019060    109
   -3.071710    -0.688047    -3.257898    -1.322575    -0.205123    -1.793037    -0.019060    109
   -1.640996    -1.160728    -0.425914     0.185466     0.353385     0.099778     1.555855    110
    1.261075     0.115983     2.793308     0.192667     0.646682     1.649971     1.555855    110
    2.048279     0.355660    -0.193841     0.569309     0.008406    -1.030365     1.555855    110
    1.900694     2.089192    -0.575536     1.682247     0.124171    -1.017911     1.555855    110
    1.362336     0.583253     2.494035     2.377609     1.641297     1.416351     1.555855    110
   -3.802523    -3.147564    -2.114199    -1.687652    -0.576969    -0.195493     1.555855    110
    3.622940     1.840813     1.853824     1.620020     0.681100     3.589037     1.555855    110
    0.672422     1.208789    -0.177471     0.449193     0.205828     0.390415     1.555855    110
    2.180477     1.522029     1.976096     1.782624    -0.707900     1.258478     1.555855    110
   -2.913314    -1.694574    -2.626085    -0.646631    -1.300979    -0.588481     1.555855    110
   -0.332898     0.831141    -1.836847     0.019061    -1.096990     1.962681     1.555855    110
    0.426198    -0.299497     1.692949     0.035576     0.222354    -0.297021     1.555855    110
   -0.791384    -0.247406    -1.280584    -0.719951    -0.381820    -1.510354     1.555855    110
   -1.373948    -1.360740    -1.174350     0.594060     0.254387     1.237493     1.555855    110
   -0.192140    -0.604084    -0.679941    -1.261933    -0.373283    -0.493353     1.555855    110
