   -0.955137    -1.517298    -0.174243    -0.071966     0.426339    -2.558013      1
    1.995495     1.346693     2.168907     2.171620     0.013798    -2.558013      1
    0.621976    -0.244927    -0.884270    -0.487234     0.031845    -2.558013      1
   -0.728588     0.716542    -2.082024    -0.662359     0.760991    -2.558013      1
   -1.702373    -2.350693    -2.189671    -2.708408    -0.504917    -2.558013      1
    1.351355     1.251241     1.963175     1.595950    -0.150884     1.518742      2
    1.961587     2.564318     4.424828     3.940466    -0.742576     1.518742      2
    1.491751     3.938342     3.445446     4.044674     1.133609     1.518742      2
    4.025834     3.902175     3.562008     5.543893    -0.617893     1.518742      2
    1.377306     2.780426     4.584523     6.071126    -0.389518     1.518742      2
   -0.241471     1.584853     1.376976     3.287959     0.482652    -1.309484      3
    0.056004    -0.811390     0.167942     0.812166    -0.049031    -1.309484      3
    2.105282     2.678036     2.495314     4.822407     0.372719    -1.309484      3
   -2.722354    -3.626021    -3.964301    -5.502736    -1.174224    -1.309484      3
   -0.235328    -1.828121    -1.681069    -1.695840    -1.191704    -1.309484      3
   -0.747275     0.282312     0.482362     1.508848    -0.478418    -0.017450      4
    1.852745     1.308685     1.497754     0.854201     0.364170    -0.017450      4
    2.790935     3.470837     4.227338     5.481340     0.769177    -0.017450      4
    2.348890     2.622091     3.601257     3.588313    -0.554117    -0.017450      4
    2.170026     3.113484     1.983634     0.425835     0.815127    -0.017450      4
    1.782670     3.504649     3.123711     4.598768     0.610258    -1.619731      5
    2.092942     0.939153     1.042149     0.099870     0.820156    -1.619731      5
   -0.349772    -3.405650    -3.721847    -5.771696    -1.154482    -1.619731      5
   -1.095862    -2.136720    -2.955396    -4.486973    -1.684483    -1.619731      5
    1.493832    -0.819486    -1.402019    -0.728670    -0.625244    -1.619731      5
    1.120060     0.158172     2.825174     3.357758    -1.193520    -0.427322      6
    1.555956     3.115524     1.206044    -0.042271     0.653039    -0.427322      6
    2.535866     1.076885     1.661207     1.265786     0.388807    -0.427322      6
   -1.265791    -0.431763     0.243235    -0.397617    -0.984970    -0.427322      6
    0.149200     2.901945     2.730516     2.809889     0.760654    -0.427322      6
    2.816812     0.902440    -0.198262    -0.134361     0.365612    -0.450450      7
   -0.097531    -1.842077    -2.995858    -2.795304    -1.470665    -0.450450      7
    0.031803    -0.161533    -3.359651    -1.961461    -1.338984    -0.450450      7
    2.406443     2.186637     3.949739     3.132943     1.374337    -0.450450      7
   -0.963214    -2.179335    -3.179777    -5.007629    -1.975323    -0.450450      7
    0.835952     2.777597     4.647567     5.319309     1.671923     1.035178      8
   -1.615618    -0.141958    -0.428982    -1.326131    -0.958235     1.035178      8
    2.516078     5.247390     6.135914     8.137620    -0.273422     1.035178      8
    2.088996     3.170651     5.009120     4.478806     0.223186     1.035178      8
    3.246009     2.933085     2.940113     2.691713    -0.709636     1.035178      8
    0.554617     2.664165     3.887428     2.975353     0.548944     0.600215      9
    1.190698     3.451850     5.104504     7.031593     0.490196     0.600215      9
    2.045303     0.721261     1.878529     2.740116    -0.738583     0.600215      9
    1.962164     2.711603     2.226004     4.200572    -0.981991     0.600215      9
    2.163843     3.640973     5.348173     6.066646     1.445762     0.600215      9
    0.335137    -0.318211    -1.559254    -1.957225     0.015105    -0.362529     10
   -1.046413    -0.703537    -1.101331     0.131181    -0.407812    -0.362529     10
   -1.062481    -0.371310     1.017239     0.541390     0.061733    -0.362529     10
   -1.482305    -1.360261    -2.256031    -3.263208    -0.950887    -0.362529     10
    0.197499     0.841753     1.909384     1.774734    -0.094261    -0.362529     10
   -0.341213    -0.094706    -0.018086     0.448688    -0.153003    -1.669402     11
   -1.599377     0.027281    -0.330761     1.238621     0.424874    -1.669402     11
    0.376393    -1.862692    -1.538853    -2.892972    -0.680028    -1.669402     11
    0.239070     1.272002     1.087475     1.557615    -0.074243    -1.669402     11
   -0.544323     0.037591    -1.424259    -1.770862     1.134897    -1.669402     11
    0.918695     0.609331     0.814382     0.958426    -0.438785     0.593264     12
    0.880618     1.851639     2.699285     2.699987     1.315423     0.593264     12
    1.072450     2.755230     2.379470     3.931377    -0.209506     0.593264     12
   -0.155465     2.564593     1.119159     2.258941     0.016629     0.593264     12
    0.558537    -2.055779    -0.824322    -2.990206    -0.152589     0.593264     12
    2.411548     2.474623     4.817043     6.042751    -0.757517     0.724941     13
    5.072907     7.175354     7.971645     8.320271     1.537741     0.724941     13
    0.359372     2.344945     2.394834     6.450339    -0.740521     0.724941     13
    1.779044     3.903641     3.251891     5.684951     0.362960     0.724941     13
    3.355712     3.012673     4.535353     3.253402     0.489339     0.724941     13
    1.635754     2.408654     3.475326     3.424950    -1.173690    -1.270415     14
    3.947824     5.613199     6.113637     6.745060    -0.217275    -1.270415     14
    0.744433     0.490000     2.232075     2.415801    -0.713854    -1.270415     14
    1.371698     2.852248     5.123056     7.786950     0.240982    -1.270415     14
   -0.306552     0.378577     4.227039     6.759374    -0.749740    -1.270415     14
    2.163036     5.176234     6.025760     9.318345     2.270993    -0.517768     15
    2.684073     4.528538     6.971040     8.675200     1.602478    -0.517768     15
    2.478075     3.376061     3.525059     3.112227     0.362739    -0.517768     15
   -1.906374     0.482739     1.386083     0.487331    -0.759534    -0.517768     15
    2.919427     4.266307     3.280621     4.405699     1.424538    -0.517768     15
    5.689177     8.006649     8.459885     8.564483     0.742895     1.471943     16
    3.408545     5.145271     4.641666     6.892802     0.706999     1.471943     16
    3.980698     6.595308     9.928282    10.568347     0.034730     1.471943     16
    0.086100     1.240310     2.010949     3.294928    -1.249445     1.471943     16
    1.784244     2.891279     6.224420     7.348668    -0.309209     1.471943     16
    3.443767     5.117449     8.061118     9.197920     1.028591    -0.102672     17
    2.417741     4.352918     1.959725     5.000339     0.134860    -0.102672     17
    3.945006     5.762797     7.281274    10.281094     0.387146    -0.102672     17
    0.588156     0.992064     1.008464     2.532290    -1.617728    -0.102672     17
    3.666865     3.404300     4.420611     6.634268    -0.000317    -0.102672     17
    0.220813     0.461057    -0.308061    -0.414937    -0.739331    -0.657847     18
    1.034361    -0.392190    -0.311099    -1.886743    -0.140446    -0.657847     18
    0.363670    -0.928731    -0.843793    -1.336140    -0.666756    -0.657847     18
    0.275840    -2.178739    -2.331635    -4.034314    -0.407708    -0.657847     18
    1.954565     1.079724     2.894499     1.854661     1.384687    -0.657847     18
    0.329011    -0.952121     0.903445     1.600689     0.368627    -1.404503     19
    2.018170     2.887964     2.835139     3.516463     1.045532    -1.404503     19
    0.762541     1.911524     1.795329     2.630861     0.236437    -1.404503     19
    0.162924     2.084072     2.415327     2.922016     1.537033    -1.404503     19
   -2.084581    -1.273851     0.000719     1.212244    -1.438758    -1.404503     19
   -0.949433    -1.304647    -1.802588    -1.627164    -0.297849    -1.181811     20
    0.222227    -0.239007     0.687234    -0.019627    -0.377047    -1.181811     20
   -0.638765    -1.122052     1.049950    -0.028406    -1.367844    -1.181811     20
    0.294948     2.401920     2.834609     2.399479     0.718230    -1.181811     20
    1.379539     3.365402     3.638332     6.751132     1.665011    -1.181811     20
    2.270539     3.028941     3.707107     3.882503     0.654990     1.017909     21
    4.846739     5.650947     5.452314     5.605391     1.791898     1.017909     21
    2.174867     3.266640     3.361419     6.113799     0.316417     1.017909     21
    2.272978     3.024126     3.518818     3.789907    -0.161117     1.017909     21
    1.650723     1.918856     0.338036     1.200193     0.486769     1.017909     21
   -0.587326    -2.846197    -5.541288    -5.985913    -0.980358     0.027934     22
    2.678021     3.597242     4.885406     5.218587     1.270243     0.027934     22
    0.295973    -2.055266    -2.633374    -2.230260    -0.461448     0.027934     22
   -1.146033    -2.586607    -3.154993    -4.693265    -0.968510     0.027934     22
    2.488950     1.015560     0.162015     0.812421     0.460442     0.027934     22
    0.509602    -0.542793     0.793007    -0.410707    -0.566020     1.242969     23
    3.209263     3.006003     1.666264     3.353219     0.764650     1.242969     23
    2.908036     4.926874     6.681873     7.817377     0.815690     1.242969     23
    0.905164     2.819802     2.810487     1.994152     0.845129     1.242969     23
    1.063835     1.077744    -0.040954    -0.577625    -0.117066     1.242969     23
    2.479490     3.693634     1.821907     2.848037     0.597691     0.196576     24
    0.172256    -1.757676    -0.651054    -1.698225    -0.453911     0.196576     24
    2.536919     4.296615     5.177348     5.981474     2.157229     0.196576     24
    2.282163     4.205269     6.600538     7.713556     1.530184     0.196576     24
    2.873260     1.635265     2.097968     2.659792     0.030602     0.196576     24
   -0.098824     0.489379     2.699218     4.189494    -0.892413    -0.770052     25
    4.074671     4.821096     6.204752     6.600527     0.665003    -0.770052     25
    1.592450     1.152500     1.542224    -0.488972    -0.832716    -0.770052     25
   -0.766962     0.675507     3.111216     3.447382    -0.178161    -0.770052     25
    1.559230     2.127335     5.686888     3.801184    -0.147314    -0.770052     25
    1.412987     3.329436     2.382389     3.136509    -0.153116    -0.053332     26
    2.925608     2.036389     1.391307     2.467862     0.055474    -0.053332     26
    1.015578    -1.976227    -4.153737    -6.396968    -2.492747    -0.053332     26
    1.283400     0.882478    -1.355137    -2.233141    -0.190269    -0.053332     26
    1.134562     0.763563     2.150236     0.993413    -1.638265    -0.053332     26
   -0.213015     0.047347     2.665807     1.435390     0.539295    -1.184874     27
   -2.086075    -2.244343     1.036365     2.408445    -0.867763    -1.184874     27
   -0.020418     1.115312     1.155497     0.282144     1.150740    -1.184874     27
   -2.021565    -2.226715    -3.541440    -3.195411    -0.117979    -1.184874     27
   -0.337890    -1.866479    -2.315520    -2.343196    -0.355776    -1.184874     27
    5.199544     5.623371     6.188958     6.441972     0.636674     1.253777     28
    2.356361     1.632162     1.642656     3.232229    -0.039966     1.253777     28
    5.187739     6.646226     5.969148     8.820731     0.525070     1.253777     28
    2.716230     4.979677     5.121248     4.607886     0.065417     1.253777     28
    2.684849     1.547978     2.066812    -0.406416    -0.924443     1.253777     28
    4.717885     6.278184     7.749373    11.668357     0.063315     2.299429     29
    1.683291     2.650327     2.196907     5.575121     0.716772     2.299429     29
    2.844311     3.174378     5.742687     6.794578    -0.690486     2.299429     29
    3.443900     4.822863     6.916511     8.603160     0.681980     2.299429     29
   -0.552784     1.828672     3.518332     4.262538    -1.684553     2.299429     29
   -2.527467    -0.622174    -1.238427    -1.003973     0.113974     1.001938     30
   -2.337447    -2.596413    -1.809853    -2.361444    -3.779627     1.001938     30
    1.829812     5.102849     5.325930     8.127319     2.389844     1.001938     30
    2.658377     3.450400     6.148079     8.799778     1.392316     1.001938     30
    0.161396     0.854977     2.384536     4.623076     0.032624     1.001938     30
    1.820086     1.528248     1.509913    -0.807610     1.041138    -1.477650     31
   -0.009601    -0.288563     1.872760     2.117590     0.295728    -1.477650     31
    0.881528     0.059310    -1.103263    -2.819353    -0.230915    -1.477650     31
    0.008996    -0.409495    -1.582532    -1.195638     0.732587    -1.477650     31
    0.209094     1.046989     1.705501     4.302759    -0.895415    -1.477650     31
    4.052227     5.231727     6.744244     8.301014     1.448893     0.880180     32
    2.318558     4.199135     8.035793     9.751001    -0.190621     0.880180     32
    0.156983    -0.310380    -0.433201    -1.578850    -0.151486     0.880180     32
    0.899242     1.457703     2.867671     4.093563    -2.154469     0.880180     32
    1.376371     1.965438     3.586796     5.061174     0.839837     0.880180     32
    2.757521     3.847596     3.476121     3.600842     0.284641    -0.119695     33
    4.221466     1.244876     1.200680     1.194171     0.503910    -0.119695     33
    1.480751    -0.009748     2.343856     2.455204     0.640912    -0.119695     33
    3.772173     5.046038     4.553078     5.708142     0.481635    -0.119695     33
    2.801333     2.233144     2.583211     2.035139     1.161354    -0.119695     33
    4.257005     4.130426     4.542825     4.712309     0.393796     1.866813     34
    3.603763     3.555927     4.911025     6.224592    -0.097389     1.866813     34
    3.827151     5.040368     6.048495     9.116898     0.529361     1.866813     34
    1.423029     1.918139     1.276126     0.520343    -2.238135     1.866813     34
    2.910556     4.852621     5.063485     6.944715     0.313174     1.866813     34
    0.689629     1.483766     3.114511     5.251937     0.240621    -0.314785     35
    1.259828    -0.316785    -0.860289     0.537206    -0.814073    -0.314785     35
    0.903898    -0.685948    -0.391318     0.000858    -0.461081    -0.314785     35
    0.611178     1.118304     0.852639     1.335129     0.305371    -0.314785     35
    0.399179     1.945805     1.587316     1.573902     2.214303    -0.314785     35
    2.657292     1.514608     2.723015     0.622384    -0.958485    -0.880459     36
   -0.567059    -1.871204    -3.904464    -3.565236    -0.858263    -0.880459     36
    0.717428     0.434880     2.120968     3.689037    -0.307530    -0.880459     36
   -0.968563    -1.342153    -2.627313    -1.774127    -1.601163    -0.880459     36
    1.303196     1.015745    -0.666071    -0.643661     0.078511    -0.880459     36
   -1.053998    -0.361504     0.670496    -2.846954    -1.734975     1.136831     37
    3.711307     2.082637     3.643117     3.449017     0.764597     1.136831     37
   -0.270205    -0.049169     0.115975    -0.103325     0.696803     1.136831     37
    3.998576     4.440570     7.596693     9.587534     1.115597     1.136831     37
    3.624073     4.074047     5.375331     6.657269     0.075784     1.136831     37
    0.385294     0.119303     0.489112     0.368925    -0.100992    -0.184842     38
    1.507138     1.552543    -0.993267     0.218465    -0.231859    -0.184842     38
    0.025757    -0.606889     0.399790    -1.747984    -0.201513    -0.184842     38
    2.848253     1.522664     1.329153     1.915012     1.087144    -0.184842     38
   -0.068059     2.068167     1.974283     2.809897    -0.631371    -0.184842     38
    3.839956     4.565288     6.807587     8.312584     0.974428    -0.228162     39
    0.395146    -0.435962     0.969478     0.419206    -0.222354    -0.228162     39
    1.183324     0.472325    -0.651063    -2.028345    -0.972636    -0.228162     39
   -0.097277     1.203097     1.890001     2.407247    -0.678854    -0.228162     39
    1.472462     0.799324    -0.021283    -0.546191     0.609019    -0.228162     39
    0.852229     1.298606     4.774654     4.029667    -0.386290    -0.812897     40
    0.652371     0.760663     2.329668     1.552304    -0.272099    -0.812897     40
   -0.360527     0.865387     0.644228     1.891096    -1.857995    -0.812897     40
    3.899849     3.364991     3.795785     6.604751     1.429312    -0.812897     40
   -0.218444    -0.231077     1.045942     1.919034     0.661750    -0.812897     40
    1.810189     0.026847     2.851443     2.874860     1.308636    -0.532281     41
    0.192609     0.496348     1.133048     1.768545    -0.161099    -0.532281     41
    1.066917     2.834727     1.473301     3.185367     0.702078    -0.532281     41
    1.392115     0.399283    -2.345931    -2.453576     0.035849    -0.532281     41
    1.773850     0.564112    -0.167692     1.123049     1.461393    -0.532281     41
    0.458231     0.723399     0.882507    -0.175770     0.147066    -0.532281     41
    0.456419    -0.519760     0.102688    -1.468662    -0.654540    -0.532281     41
   -0.117929    -0.374624    -2.185611    -1.516814    -1.012701    -0.532281     41
    1.290158     3.525510     4.479370     7.181684     1.449034    -0.532281     41
   -0.115852    -0.240617     0.187694    -1.954387     1.399874    -0.532281     41
   -1.555611     0.883724     1.330494     4.245403    -0.486842     0.398138     42
    1.127453     3.726967     5.499692     6.379008     1.069429     0.398138     42
   -0.934037    -1.599285    -0.611744     0.843952    -1.859146     0.398138     42
   -1.144707     1.916657     2.381287     4.094001    -0.215320     0.398138     42
    2.626502     2.073392     2.362490     1.701951    -0.189662     0.398138     42
    2.451630     4.929506     3.786483     6.809589     0.744209     0.398138     42
   -0.638108    -0.143513    -0.253533     1.676394    -0.559702     0.398138     42
   -1.706146    -0.239856    -0.903244    -1.414974    -0.533112     0.398138     42
   -1.218409     0.221734     0.844992     0.550272    -2.192354     0.398138     42
    1.657864     1.953133     2.247345     1.526885     1.221683     0.398138     42
    1.107318     1.780032     0.087215     2.827842    -0.006239    -0.544998     43
   -3.252627    -1.164917     0.581893     1.533848    -2.076877    -0.544998     43
    1.842450     2.400743     4.095925     6.365035     0.168188    -0.544998     43
    2.609628     0.550155    -1.138898    -2.498287     1.254582    -0.544998     43
   -0.805539     0.040197    -0.886514    -0.277449    -0.809420    -0.544998     43
   -0.126346     0.706267    -0.401502    -1.350757     1.383343    -0.544998     43
    1.558723     1.395028     0.247346     1.443156     1.525539    -0.544998     43
    0.629565     1.204621     1.078205     1.889372     0.715904    -0.544998     43
    2.418863     1.937336     2.619322     3.175658    -0.360020    -0.544998     43
   -1.063944    -1.880092     0.471001     0.671378    -0.308073    -0.544998     43
   -0.067941     1.565815    -0.439871     1.639028    -0.804280    -1.012063     44
    0.286116     0.757417     0.362332     0.244336    -0.225997    -1.012063     44
    1.817090     0.897874     3.861404     4.337654     0.227607    -1.012063     44
    0.974313     3.207450     2.184862     2.385857     0.961674    -1.012063     44
    1.710483     4.075589     4.623925     6.407084     1.096006    -1.012063     44
   -2.808229    -1.384068     0.683349    -0.111706    -1.592637    -1.012063     44
    0.342242     1.618790     2.804647     2.161735     0.288199    -1.012063     44
    0.885507     1.511446     0.657823    -0.796564     0.582916    -1.012063     44
   -0.572551    -0.889673    -0.060360    -1.111474    -1.290374    -1.012063     44
    0.943995     2.192144     3.399184     3.437857    -0.097870    -1.012063     44
    2.129813     1.260254     3.735334     3.621088     0.530220     1.547520     45
    4.023816     6.411167     6.233406     7.166225     1.997318     1.547520     45
    2.843471     3.094066     2.227249     2.825979    -0.193417     1.547520     45
    5.092668     6.564048     6.452362     9.431860     1.675735     1.547520     45
    0.429460    -0.410037     1.087260     1.173825    -1.854639     1.547520     45
   -0.570368    -0.025387    -0.235715     2.552629     0.546481     1.547520     45
    1.935486     2.198419     0.547434    -0.902731    -1.576520     1.547520     45
    2.487952     0.534018     0.875980    -0.172611    -1.295300     1.547520     45
    4.854127     5.500069     6.051075     6.154105     0.854594     1.547520     45
    1.961924     1.705407     0.762665     0.529740     0.024525     1.547520     45
    0.309595    -0.617919    -0.015394     0.102437    -0.475100    -1.797800     46
    1.137663     1.233531     2.485868     1.742785    -0.070289    -1.797800     46
   -0.553802    -0.143961    -0.847874    -1.474645     0.109431    -1.797800     46
    0.027365    -0.039428    -2.215515    -1.107465    -1.075668    -1.797800     46
   -0.235857    -0.532885    -0.588345    -1.471811    -0.341643    -1.797800     46
   -1.340456     0.102397     2.357647     2.677703     0.161801    -1.797800     46
   -0.246265     0.650016     0.436351    -0.539773    -0.025317    -1.797800     46
    2.523368     3.546086     4.025568     5.395308     2.360203    -1.797800     46
    0.052224    -1.309819    -0.560975    -2.875788    -0.229237    -1.797800     46
   -1.305418     0.813149    -1.238751    -1.869937    -0.586546    -1.797800     46
    1.953241     4.092879     4.875442     6.248911    -0.050801    -0.099589     47
    0.521149     3.451402     4.477551     6.833636     0.055690    -0.099589     47
   -1.883922    -2.252123    -2.591234    -2.192493    -1.834574    -0.099589     47
    2.892969     3.932014     7.832853     7.311158     1.101954    -0.099589     47
    2.270179     2.599510     4.142640     6.506101    -0.181022    -0.099589     47
    3.145627     4.070665     5.254911     6.208621     1.710942    -0.099589     47
   -0.090617    -0.453320    -1.214390     0.818522     0.305642    -0.099589     47
    2.290372     4.668381     6.619717     8.587119     0.536587    -0.099589     47
   -1.462558     0.733026     2.760068     3.384302    -0.501320    -0.099589     47
    3.845570     4.755503     7.674505     9.788882    -0.187168    -0.099589     47
   -2.858539    -1.364960     0.816788     1.704932    -0.683299     0.252683     48
   -1.759603    -1.239539    -2.071318    -0.511966    -0.078086     0.252683     48
   -1.331564     0.705899     2.456757     2.683647    -0.264217     0.252683     48
    1.879732     4.010732     4.524823     5.284889     1.311285     0.252683     48
   -1.635554     1.704534     2.574094     4.507515    -0.377838     0.252683     48
    1.703399     1.664070     2.079383     2.443504     0.466611     0.252683     48
    0.587590     0.026216     0.516777     0.619795    -0.115996     0.252683     48
    0.953751     3.570617     4.810181     5.703928    -0.053006     0.252683     48
   -0.901202     1.568668     3.258590     1.716326    -0.444636     0.252683     48
   -0.116233    -0.117233    -0.124412    -1.098550     0.395008     0.252683     48
    1.428731     1.237476    -0.587723     2.217641     0.050114     0.256236     49
    2.611731     2.716377     3.347902     2.734036     1.885874     0.256236     49
    0.263367     3.948420     4.899970     5.380471     0.687147     0.256236     49
    4.362890     5.160841     7.048446     9.951305     0.343847     0.256236     49
    0.401243     1.231836     2.819064     4.131465    -0.667611     0.256236     49
    0.796742     1.653523     1.196235     3.288101     0.003320     0.256236     49
    1.803227     1.683028     1.204236     1.300451    -0.294056     0.256236     49
    4.365038     1.933509     2.612536     3.474020     0.806957     0.256236     49
   -0.748725    -2.286441     0.032506     1.078408    -1.324148     0.256236     49
    1.608902     1.598225     3.675406     4.363595     0.632362     0.256236     49
   -1.233300    -3.262667    -3.734147    -3.224671    -0.762052    -0.115232     50
    2.014909     2.781522     2.640986     5.453641     1.431638    -0.115232     50
    3.592653     5.661548     6.565641     8.586797     2.299033    -0.115232     50
    0.777245     1.077732     0.877637     2.275427     0.436940    -0.115232     50
    0.143802     0.354979     0.863472     3.053126    -1.291650    -0.115232     50
    2.802719     2.924591     4.046316     4.437513     0.650115    -0.115232     50
    2.539936     3.420543     3.410299     1.718096     0.979679    -0.115232     50
    0.246165    -1.584322    -0.140238    -1.435795    -0.628068    -0.115232     50
   -2.109047     0.072501     0.312244     1.897352    -1.086508    -0.115232     50
    1.020546    -0.091789    -1.696789    -1.431259     0.266560    -0.115232     50
   -0.066324     1.221025    -0.508508    -0.609009    -0.971126     0.481848     51
    0.486791     3.350580     4.007024     6.506431     0.798376     0.481848     51
    0.092854     0.193783     0.067833     1.465301     0.593524     0.481848     51
    2.565113     2.643073     0.623164     0.248283     1.395268     0.481848     51
    0.616785     2.375873     5.163268     7.914633    -1.171918     0.481848     51
    3.878511     4.153761     4.783249     5.665547     2.113957     0.481848     51
    2.509670     1.574402     2.802087     3.496855    -0.109612     0.481848     51
    0.304552     2.085260     2.982281     4.376751    -0.211917     0.481848     51
    2.810160     5.240082     5.312442     6.504797     1.601272     0.481848     51
   -0.252540     0.032305    -0.860818     0.179638    -0.988385     0.481848     51
    0.817314     0.447183    -0.263966     0.362747    -0.155677    -0.061003     52
    1.189291     0.630756     1.958741     0.975344     0.512884    -0.061003     52
    0.776935     0.291043     1.555144     0.427200     0.737562    -0.061003     52
   -0.230880    -0.619887     0.261119    -0.469844    -0.779943    -0.061003     52
    2.442939     2.087673     2.617040     3.418966    -0.295963    -0.061003     52
    4.568075     5.090299     5.840992     6.933574     1.132481    -0.061003     52
    3.870660     3.505731     3.559094     4.181245     1.478957    -0.061003     52
    2.395352     1.233663     2.651992     2.952206     0.698693    -0.061003     52
    2.739345     2.053734     0.952804     0.380018     0.117073    -0.061003     52
    1.055912     2.113643     2.435117     0.991704     0.913772    -0.061003     52
    2.256334     0.511894    -0.441761    -1.655229     1.234409    -1.022079     53
    1.853871     1.609231     1.236275     1.038720     0.509321    -1.022079     53
    1.914334     2.615968     5.103800     7.819567     0.684328    -1.022079     53
    3.767686     3.442513     3.435987     3.819788     0.050474    -1.022079     53
   -0.263284    -0.710633    -0.611989    -1.797098    -1.128077    -1.022079     53
    2.475921     2.109439     0.756548     1.804660     0.867706    -1.022079     53
    2.539693     1.492609    -1.582036    -3.255792     0.650796    -1.022079     53
   -0.160349     0.126415    -1.050814    -2.610524    -1.072692    -1.022079     53
    0.280436     1.448860     1.882763     1.294203    -0.198442    -1.022079     53
    2.405906     1.977969     0.410519     0.937093    -0.394931    -1.022079     53
   -0.421433    -0.391908    -1.506762    -1.971025     0.137918    -0.362386     54
    0.557781     0.162333     1.002484     0.092896    -0.277345    -0.362386     54
    0.467375     0.341699     0.757778     0.696216    -0.850710    -0.362386     54
    2.568501     2.872731     1.349108     2.794077     0.176461    -0.362386     54
   -0.138408    -1.572589     0.585071     1.113852    -0.772590    -0.362386     54
    2.124367     1.855352     3.032110     4.616101    -0.273913    -0.362386     54
    0.581905     2.410092     3.322251     2.402479    -0.670032    -0.362386     54
    3.159416     2.328042     1.490732     0.461281     0.741131    -0.362386     54
   -0.025770     2.143819     3.248938     4.505211    -1.287808    -0.362386     54
    1.328292     2.594073     3.106566     2.829956    -0.501839    -0.362386     54
   -1.539454    -3.100571    -1.997157    -1.654071    -1.067301    -0.328669     55
   -1.299073     1.870198     0.243738     2.528727    -1.448698    -0.328669     55
    1.153384     0.502176     0.567360    -1.292552    -0.929689    -0.328669     55
   -2.601786    -3.185506    -4.656390    -3.630636    -2.961687    -0.328669     55
   -1.290947    -2.693363    -2.175374    -2.683778    -1.368830    -0.328669     55
    0.509638     1.579761     3.541441     4.607130     0.186068    -0.328669     55
    2.028326     3.569733     4.860502     5.542907    -0.339098    -0.328669     55
    3.598769     0.991979     1.204102    -0.580276     0.880813    -0.328669     55
    1.717932    -0.392905     0.413261     0.940367    -0.935291    -0.328669     55
   -0.302830     0.211185    -0.061035    -1.730880    -1.767354    -0.328669     55
    0.947847     2.338802     0.071095     0.109089    -1.114526     0.033026     56
    2.974070     4.680615     4.282195     4.812147     1.148311     0.033026     56
    0.835441    -0.267530    -1.565571    -1.855445    -0.483237     0.033026     56
    1.475746     0.809759    -2.012603    -1.516472    -0.045142     0.033026     56
    1.306140     2.111007     3.969482     5.724939    -0.310186     0.033026     56
    2.752398     1.672431     1.992551     0.902435     0.012923     0.033026     56
    1.938092     2.445207     1.650040     4.396662    -0.973578     0.033026     56
    2.620300     2.184823     0.930317     1.465919     0.299046     0.033026     56
    0.390516    -1.082356    -0.915742    -2.210433    -0.121618     0.033026     56
    3.509297     2.296773     1.113053     0.659292     1.512535     0.033026     56
    1.386742     1.356625     1.201164     0.904869    -0.377273    -1.531991     57
    0.758502    -0.747583    -0.007677     1.135436     0.204064    -1.531991     57
   -0.216737     0.473457    -0.613166    -1.580248    -1.042058    -1.531991     57
   -0.880591    -1.682376    -3.046368    -2.289467     0.688598    -1.531991     57
    1.703707     1.900609     4.454648     4.449564     1.804702    -1.531991     57
    1.197472     1.533253     1.561209     0.348584     0.965977    -1.531991     57
    1.753811     1.189098    -1.031403    -0.436426     0.470505    -1.531991     57
    0.632354    -2.833570    -3.230329    -5.546655    -1.339820    -1.531991     57
    0.418949     0.763751     2.063538     1.450691    -0.695692    -1.531991     57
   -0.562800     0.767037     1.216851     1.780201    -0.503839    -1.531991     57
    1.936859     2.627861     3.923939     3.664091    -0.353041    -0.458720     58
    3.326530     5.166873     4.747705     5.155010    -0.394268    -0.458720     58
    0.030935     1.173945     3.110090     3.358111    -0.137994    -0.458720     58
    3.576202     4.026569     5.815435     7.314904    -0.014810    -0.458720     58
   -0.269453    -0.741534     0.459291     1.480424    -0.770728    -0.458720     58
   -0.148518     0.483274     0.484635     2.055809    -2.124279    -0.458720     58
   -1.862986    -0.125807    -0.256229    -0.476728    -1.112450    -0.458720     58
   -0.239017     1.417118     2.987296     3.942135    -1.868410    -0.458720     58
    1.187372     2.461738     0.957335     3.637854    -0.324901    -0.458720     58
    3.921460     3.652304     5.870783     6.643261     0.663023    -0.458720     58
   -0.043606     1.856013     4.721157     5.259390    -1.526724     0.391723     59
    3.820488     4.992375     5.468090     7.119143     1.367541     0.391723     59
    4.313395     5.350223     4.915679     7.292871     0.037533     0.391723     59
    2.925428     4.859590     6.155884     7.951055     0.372927     0.391723     59
   -0.366696     0.942831     2.602565     3.754804    -0.260028     0.391723     59
    3.611590     3.600449     3.638936     5.374251    -0.961661     0.391723     59
    3.638193     4.986921     6.147288     6.337907     0.466334     0.391723     59
    3.471684     5.497396     7.150330     7.393592    -0.375673     0.391723     59
   -1.572247    -0.704403     1.187818     1.402838    -1.966466     0.391723     59
    1.913322     2.184671     4.888055     7.358692    -0.402721     0.391723     59
    0.627911     1.387147    -0.381739     0.135952     0.417180    -0.605617     60
    1.957698     3.158124     4.940113     6.772818     0.870951    -0.605617     60
   -1.144613     0.142482     0.465360     1.992773    -0.677447    -0.605617     60
    0.439353     2.018696     1.947630     2.386844     0.827459    -0.605617     60
    1.344379    -0.177762    -0.707693    -1.079650    -1.560078    -0.605617     60
    2.671342     6.530242     6.565899     9.346270     1.404210    -0.605617     60
   -0.955257     0.971630     3.072765     6.284722     0.514749    -0.605617     60
    3.495110     4.281709     5.162499     6.329925     0.862837    -0.605617     60
   -5.129922    -4.461273    -3.911512    -3.427671    -2.412803    -0.605617     60
   -1.316529    -2.131498     0.221046    -0.435457    -1.363545    -0.605617     60
    1.847473     1.951421     3.072904     2.824218    -0.723318     0.197530     61
    2.495427     1.787689     1.926541     1.684175     0.235651     0.197530     61
   -0.543659     3.246849     7.441185     9.348805    -0.349539     0.197530     61
   -1.131321     0.341488     1.026718     2.326767    -0.669673     0.197530     61
   -1.284277    -0.867111     0.443877     1.663389    -1.759600     0.197530     61
   -0.048051     0.387310     1.576375     1.319197     0.636090     0.197530     61
   -1.390405     0.704866     2.928811     4.208019    -1.137545     0.197530     61
   -0.413961     1.873981     0.743103     3.367475    -1.050174     0.197530     61
    2.089476     3.640083     4.888381     7.446543     1.141184     0.197530     61
    2.286562     4.171583     3.858490     4.500180     0.269012     0.197530     61
    0.922269     1.550818     2.437382     2.825655     0.871407    -0.096780     62
   -0.228713     0.961883     1.811713     2.933173    -0.760286    -0.096780     62
   -1.253103     0.835032     0.893293     2.202583     0.012425    -0.096780     62
    2.278506     1.174184     5.581207     8.066333     0.195263    -0.096780     62
    2.124769     2.617245     6.423923     8.934280    -0.038972    -0.096780     62
   -0.926029     1.385019     4.597942     7.319099    -0.697660    -0.096780     62
   -0.718339     0.492950     2.017260     4.883389    -1.051515    -0.096780     62
    0.093434     1.130808     5.564566     6.180596     0.430285    -0.096780     62
    3.084820     5.298396     6.929096     8.518147     0.545579    -0.096780     62
   -1.251906     1.372282     3.413046     6.173554    -1.063360    -0.096780     62
   -2.473410    -0.001953     1.350389     3.434412    -0.719831    -0.715560     63
   -1.069092    -0.445002    -0.017716    -0.254501    -0.583917    -0.715560     63
    2.588147     3.398944     3.284060     4.407717    -1.505663    -0.715560     63
    2.709034     5.914650     8.074373    10.921337     2.187905    -0.715560     63
    0.238375     1.226985     3.694841     4.183848    -0.798143    -0.715560     63
   -1.847631    -0.343640     0.403965     0.689140    -1.761490    -0.715560     63
   -2.347474    -0.367701     2.483695     5.251055    -1.220002    -0.715560     63
    0.870954     2.117577     4.547737     4.776047     0.346363    -0.715560     63
   -1.817448    -0.576892    -1.167196    -2.690264    -1.185899    -0.715560     63
    1.526536     3.526561     4.055694     6.149468     0.618245    -0.715560     63
   -0.789196     0.821228    -0.447787     0.875233    -0.991783    -0.371851     64
    2.010737     2.779658     4.197013     5.171706     1.351122    -0.371851     64
   -2.736996     0.832571     2.617370     6.286302    -0.851995    -0.371851     64
   -0.943099    -0.950273    -0.918698    -0.463319    -0.522140    -0.371851     64
    1.637454     2.386985     2.930155     3.216070     1.115405    -0.371851     64
   -0.708660     1.298595     2.207639     3.647945    -1.102994    -0.371851     64
   -0.645565    -0.414333     2.570865     3.340166     1.317150    -0.371851     64
   -1.729967     0.649857     2.523757     3.793531     0.508337    -0.371851     64
   -0.353008     1.120916     3.197183     2.732484     0.532370    -0.371851     64
    0.841709     1.112746     3.588463     5.554662    -1.180548    -0.371851     64
    3.532921     1.975936     2.172014     3.200160     1.352024    -0.251722     65
   -1.141164     1.267209    -0.613828     0.811897     0.298031    -0.251722     65
    0.621141    -0.031223     0.221945    -0.248754     0.842876    -0.251722     65
    0.065604     0.217829    -0.846259    -3.894011     0.240483    -0.251722     65
   -1.596585    -0.746652    -3.316575    -1.950977    -1.423844    -0.251722     65
    0.108312    -0.210702    -1.437344    -1.142333     0.607711    -0.251722     65
   -0.486949     0.018352    -0.584948    -0.222563    -0.409765    -0.251722     65
   -0.219630     1.360194     1.425090     4.126088    -0.444307    -0.251722     65
    1.213342     0.500388     0.773223     2.027749     0.487831    -0.251722     65
   -0.810217    -0.702933     2.213007     0.902356    -0.957800    -0.251722     65
    1.151235    -0.121031     0.448933     0.919020     0.071974    -0.868545     66
    3.893171     3.719430     5.029082     5.724399     1.547614    -0.868545     66
    3.013398     3.726943     4.476454     5.132625     0.586481    -0.868545     66
    0.226587    -0.143421     0.981744     2.159113    -0.568816    -0.868545     66
    1.961544     3.589603     5.565937     5.393181     0.047934    -0.868545     66
    2.928212     3.651097     7.014320     8.844257     1.066974    -0.868545     66
    3.967249     5.950550     8.073785     8.883872     1.197185    -0.868545     66
   -0.572337     0.217582    -0.218900     1.166774    -1.259327    -0.868545     66
   -2.486941    -0.471749    -1.504266    -1.719198    -1.042176    -0.868545     66
    0.941954     1.639467     3.370967     3.358075    -0.686258    -0.868545     66
   -1.237377    -0.637859    -0.062341    -2.302789    -0.396303    -0.404607     67
    0.745001     1.944191     1.126128     0.939975     0.729939    -0.404607     67
    0.046463    -0.015109     0.002797    -1.033486     0.393555    -0.404607     67
    0.661139     0.128017    -0.428274    -1.538933    -0.117147    -0.404607     67
   -1.565020    -2.969709    -3.308920    -2.938165    -0.733959    -0.404607     67
    1.164294     1.469677     2.681874     2.599745     0.745111    -0.404607     67
    1.289190     0.755878    -0.513293    -1.250929     0.422112    -0.404607     67
    1.170162     0.208529    -1.806245    -2.760633     1.390626    -0.404607     67
   -1.333383    -0.744095    -2.884705    -1.352011    -0.717243    -0.404607     67
    2.331838     0.283216    -0.548067    -0.980783     0.742771    -0.404607     67
    5.904977     5.943774     7.697855     6.222082     0.835839     0.008236     68
    3.913642     5.848986     6.122284     7.788945     0.477741     0.008236     68
   -0.811731     0.401926     1.399044    -1.627435    -0.419199     0.008236     68
    5.042091     4.006666     3.461917     2.507183     0.891817     0.008236     68
    2.506492     2.882351     2.778759     2.576562    -1.275401     0.008236     68
    2.393749     4.106555     4.828118     5.413509    -0.235948     0.008236     68
    2.690238     3.250002     4.856568     3.520865     2.230352     0.008236     68
    1.166966     1.828644     0.735273     0.975558    -1.138522     0.008236     68
    2.036874     2.625455     3.251657     2.818631    -0.639900     0.008236     68
    6.809376     5.816817     7.492949     8.266531     3.216929     0.008236     68
    0.282445     3.924202     7.222005     8.837261     0.156716    -0.068456     69
   -0.761277     1.399477     3.120193     4.399325     1.323972    -0.068456     69
   -1.003998    -0.492755     0.470668     1.639862    -1.213623    -0.068456     69
   -0.069666     0.487344     2.215834     2.232713    -1.273163    -0.068456     69
   -0.887033    -0.133479    -1.382129    -1.049759    -1.188231    -0.068456     69
   -3.490953    -1.569966    -0.767196     1.994889    -0.768275    -0.068456     69
   -1.404211    -1.401895    -1.882716     0.401905    -0.288303    -0.068456     69
    0.762284     0.626670     0.093836     0.379174     0.113401    -0.068456     69
   -1.525469     0.732241     0.431792     0.722302    -1.651368    -0.068456     69
    0.431799     1.141863     2.399264     2.249581    -0.065281    -0.068456     69
   -2.844014    -1.526081     1.147569     0.384297    -0.371965    -1.541867     70
    3.966093     4.085576     4.598336     4.146559     1.872992    -1.541867     70
    1.872053     3.586939     4.840274     6.370742     1.078977    -1.541867     70
   -1.445868    -2.796612    -1.868271    -1.554865    -0.827007    -1.541867     70
    0.444780    -0.788582     0.919139    -0.274572     0.411266    -1.541867     70
    0.727814    -0.889828    -0.975017    -0.398845    -0.853901    -1.541867     70
    0.386176    -1.057582    -2.283106    -3.041594    -0.622021    -1.541867     70
    1.883091     1.542064     0.561030     0.852484    -0.188989    -1.541867     70
   -2.561745    -1.633668    -0.743899    -0.750679    -1.120408    -1.541867     70
   -1.910182    -2.574730    -1.703332    -3.309834    -0.473233    -1.541867     70
   -0.171174    -0.450201    -0.329451     1.975914    -1.147379     1.682064     71
    3.040055     1.646920     0.502971     0.707081     0.574336     1.682064     71
    1.633008     1.422844     0.362221    -1.228628     1.273963     1.682064     71
    2.067546     3.723100     4.707947     8.297034     0.983344     1.682064     71
    1.282953     3.174744     3.326859     3.942049     0.879905     1.682064     71
   -0.913711     0.924600     1.387570     1.795889     0.081146     1.682064     71
    4.471882     4.929648     3.765491     5.915550     1.235498     1.682064     71
    3.646539     4.890266     6.101234     6.151734     2.421602     1.682064     71
   -1.692389    -1.367187    -0.007040     1.333628    -1.534489     1.682064     71
    0.285608    -1.187854    -1.291982    -2.696287    -2.346778     1.682064     71
   -0.861238     0.333907     2.042126     3.947220    -0.766167    -0.050878     72
    2.234017     0.828572     1.000967     1.977347    -0.042376    -0.050878     72
    0.460289     0.136933     0.261433    -0.029678    -0.547804    -0.050878     72
    0.454883     2.993676     3.714144     7.086440     0.992150    -0.050878     72
   -1.708090    -2.709825    -2.187053    -4.445561    -0.287810    -0.050878     72
   -1.315662    -1.295114    -1.354700     1.172925    -0.002520    -0.050878     72
    0.168254     0.014043     0.629433     1.688923    -0.976585    -0.050878     72
    1.079194     0.242880     0.031547     2.850693     0.233119    -0.050878     72
   -0.085004     0.589053     0.494340     1.006581    -0.597101    -0.050878     72
    2.469626     3.311254     5.660877     6.741137     1.215651    -0.050878     72
    1.202197     3.782373     6.097891     8.504887     0.273471    -0.231184     73
    4.321533     4.126160     5.382636     7.756172     0.441399    -0.231184     73
    1.016897     0.438677     1.420497     2.015359    -0.443958    -0.231184     73
   -0.216890    -1.972963    -0.308888    -0.042231    -0.862988    -0.231184     73
   -2.197128     0.169274     1.539701     3.007919    -1.183744    -0.231184     73
   -1.752837    -1.518031    -0.603689     1.640294    -0.743107    -0.231184     73
    2.937910     2.767276     2.291510     2.676695     0.892933    -0.231184     73
    1.991176     4.487810     5.344308     7.412331     1.100192    -0.231184     73
    0.694283     1.989639     3.723315     4.070923    -0.929749    -0.231184     73
    0.051145    -0.857054    -0.212294    -2.987378    -2.200792    -0.231184     73
    3.311376     4.053842     4.083215     5.073224     0.017589     0.823227     74
    2.336511     3.196801     3.960067     4.755732    -0.544419     0.823227     74
    0.714621     1.905552     3.200830     3.899733    -1.633218     0.823227     74
   -1.524801    -2.510437    -3.150530    -4.174723    -0.950726     0.823227     74
    0.741733     0.317831    -0.145529     3.063845     0.500388     0.823227     74
    1.956626     3.245819     2.396952    -0.002797     1.356510     0.823227     74
    1.863108     2.145473     2.879970     2.407363    -1.471270     0.823227     74
    4.841100     8.064292     9.965569    12.444242     1.258680     0.823227     74
    1.553635     0.488769     1.634182     0.024379    -0.298929     0.823227     74
    2.736278     2.931568     3.211812     4.015868     0.403264     0.823227     74
    3.275420     2.465562     2.677748     5.420945     0.700309    -0.405628     75
   -1.582638    -0.846599    -1.385298    -1.721769    -1.821710    -0.405628     75
    2.052204     1.834120     3.692483     2.580599    -0.428195    -0.405628     75
    2.019488     4.684709     5.573772     6.582941     0.863372    -0.405628     75
    2.448745     3.924548     3.961728     3.549665     0.431581    -0.405628     75
    2.631912     4.959328     5.078061     6.708441     1.458589    -0.405628     75
    2.018364     3.253966     4.731483     3.871938     0.314472    -0.405628     75
    4.184225     4.434709     6.253660     7.213889     2.004980    -0.405628     75
   -0.466019     1.661391     4.200786     4.425974     0.444683    -0.405628     75
    4.064414     3.641932     6.133893     6.366755     0.213995    -0.405628     75
    5.494044     7.404485     8.200645    11.648671     1.033927     2.280029     76
    3.040826     2.783094     3.892471     3.671168    -0.794101     2.280029     76
    2.816175     2.879011     3.350589     3.873938    -0.747175     2.280029     76
    6.248421     6.613936     8.502091    10.046212     1.845874     2.280029     76
    3.032312     3.357053     2.052497     4.345199    -0.048253     2.280029     76
    2.628437     2.664303     1.642476     2.200164    -0.710069     2.280029     76
   -0.119710    -0.141136     0.527707     1.418890    -1.764626     2.280029     76
    3.229877     4.631230     6.855893     8.072957     0.885581     2.280029     76
    3.087335     4.613827     6.505084     6.721576    -0.916336     2.280029     76
    6.295328     7.186017     8.175387    11.277135     2.488960     2.280029     76
    1.055756     2.007429     3.058290     1.359624     1.040590     0.466082     77
    0.793364     1.644184     4.608941     4.544693    -0.267987     0.466082     77
   -0.175059    -1.693852     1.733245     2.780151    -1.243024     0.466082     77
    1.335035     2.426466     2.228522     4.488438     1.192969     0.466082     77
    3.162123     2.500798     5.447898     3.770384     0.274261     0.466082     77
    1.578033     4.242638     4.893726     7.669090     0.802492     0.466082     77
    2.786624     3.049232     4.664327     5.664035     0.866408     0.466082     77
    1.759415     1.883539     1.748318     2.276630    -0.540590     0.466082     77
   -1.348110     0.955256     1.244476     1.071499    -1.253261     0.466082     77
   -0.044809     0.573067     0.815702     2.393728    -0.558519     0.466082     77
    5.372304     6.306977     7.040313     7.639690     0.964669     1.760126     78
    0.496210     0.345433     1.139328     0.646594    -0.438227     1.760126     78
    0.468199     2.578498     2.768661     2.391611    -0.197010     1.760126     78
    3.794488     5.336098     6.806024     8.636606    -0.430215     1.760126     78
    3.010597     3.258497     4.909705     5.737755    -0.518234     1.760126     78
    0.737973     1.792576     2.406699     2.248447    -1.523188     1.760126     78
    2.074636     4.543290     5.736344     7.363160    -0.359621     1.760126     78
    3.073914     1.632804     2.767690     5.496799    -0.735596     1.760126     78
    1.839084     3.298555     1.932874     3.286270     0.411156     1.760126     78
    4.974495     4.094660     4.737528     6.372945     1.206638     1.760126     78
    2.016457     1.976858     1.216080     2.267416    -0.058600     1.221628     79
    0.074967     1.272108     1.316389     1.355351    -1.214639     1.221628     79
    0.681718     2.073641     3.555291     1.863817     0.814799     1.221628     79
    1.219189     1.074727     0.710479     0.634355     0.375227     1.221628     79
    1.296297     1.118527     1.420518    -0.135904    -0.521021     1.221628     79
    2.644379     3.467213     3.279689     2.186834    -0.999699     1.221628     79
    2.301726     2.646462     2.495523     5.116945     0.240379     1.221628     79
    3.134957     2.877643     6.151351     5.660284    -1.311467     1.221628     79
    1.874070     2.728657     4.094026     4.991231    -0.560833     1.221628     79
    2.418594     3.487940     3.777137     4.683208     0.756970     1.221628     79
    1.432898     3.811100     6.865140     7.346709    -1.156258     1.618462     80
    6.043911     8.695290     8.412521    11.666328     1.670049     1.618462     80
    3.922954     3.533929     6.725566     6.191930     0.247511     1.618462     80
    1.473035     4.484948     5.372121     6.992150    -0.578573     1.618462     80
    1.256883     3.013283     3.868352     4.681204     0.153599     1.618462     80
    1.201099     3.227144     5.654610     6.907018    -0.352737     1.618462     80
   -1.130219    -0.046011     1.180589     1.921849    -1.035251     1.618462     80
    1.924500     5.475211     8.202156    10.705725     0.404804     1.618462     80
    1.208687     3.662703     7.550350     8.404984     0.487142     1.618462     80
    0.840923     0.803257     3.104610     6.404962    -1.329085     1.618462     80
    0.831506     2.266525     1.420164     1.958762    -0.509359     0.294619     81
    2.621955     0.104719    -0.340193    -2.364588     0.386789     0.294619     81
    1.605999     0.893476    -1.963522    -3.317989    -0.037170     0.294619     81
    1.304582     1.538091     0.830908    -0.082165     0.054306     0.294619     81
    3.570313     3.046866     4.893301     4.344793     1.910193     0.294619     81
    3.529349     1.477831     0.668117     1.685217     0.380827     0.294619     81
    1.906268     1.366991     0.523562    -0.344641    -0.787021     0.294619     81
    1.750482     0.786655     0.697191    -1.171165     0.621836     0.294619     81
    4.545785     2.201783     2.393957     2.502681    -0.846997     0.294619     81
   -1.396043    -1.109756    -1.816636    -0.941216    -0.400957     0.294619     81
    3.834838     5.250215     2.359678     4.174357     1.337748     0.552817     82
    1.886149     2.373203     4.170672     5.362267     0.338420     0.552817     82
   -1.767786    -1.437221    -1.137446    -1.252927    -0.748259     0.552817     82
   -2.373476    -1.890802    -2.521739    -4.798312    -2.033882     0.552817     82
    3.182764     1.491784     2.862381     4.664363     1.523277     0.552817     82
    2.486577     3.455138     1.758826     1.824925     2.154122     0.552817     82
    1.317824     1.228636     2.202364     3.266587     1.034483     0.552817     82
    1.994989     3.750452     2.118410     1.497781     0.375627     0.552817     82
    1.076714     1.111316     2.780912     3.913822     0.515716     0.552817     82
    2.694506     2.764398     1.323093     1.429812     1.965332     0.552817     82
   -0.327967    -0.398477    -1.392700    -0.079613    -0.407316    -1.252273     83
    0.895023     0.550180     1.677013     2.163775     0.709842    -1.252273     83
    2.502191     0.385451     1.205528     1.207601     0.872479    -1.252273     83
    0.613474     2.484302     5.377715     6.237524     0.683580    -1.252273     83
   -0.707744    -0.813917    -0.827671     0.722485    -0.107531    -1.252273     83
   -0.263895    -1.689314    -1.907996    -0.515988    -0.084631    -1.252273     83
    0.862478     0.521846    -1.312478    -2.012684    -0.113065    -1.252273     83
    0.459007     1.425933     0.912228     3.673053    -1.553976    -1.252273     83
    0.577513     0.234860     2.545300     2.216314     0.232475    -1.252273     83
   -1.076515    -0.456118    -0.075029     0.321979    -0.396030    -1.252273     83
    0.833772     1.091145     0.296938     0.289365    -0.035569    -0.321758     84
    0.896306     2.140838     0.121483     1.154612     0.477990    -0.321758     84
   -2.055587    -0.533815    -0.040167     0.807739    -1.335410    -0.321758     84
    2.015498     5.012465     5.223009     4.717751     1.628073    -0.321758     84
    0.322180    -1.865322    -1.533853    -1.958875    -0.433151    -0.321758     84
   -0.035882     0.092706     0.121536    -0.101379     0.349611    -0.321758     84
   -0.334670    -0.039540     0.344397     1.831147    -0.082886    -0.321758     84
   -0.956194    -1.653823    -1.966983    -4.259375    -2.071427    -0.321758     84
    0.414999     0.739229    -1.325690    -0.545654    -1.327922    -0.321758     84
    1.535453     3.353056     4.007038     4.011467     1.050198    -0.321758     84
    1.933845     3.335155     6.197510     8.372815     0.470803     2.902446     85
    0.251487     0.298689     1.821638     2.828216    -0.053734     2.902446     85
    0.445754     1.991533     3.976770     4.196958    -0.209552     2.902446     85
    1.412614     0.734380     2.522503     2.471405     0.621804     2.902446     85
    0.900056     3.392376     6.037605     8.417752    -0.402041     2.902446     85
    2.617942     5.793882     4.887056     9.798431     2.326018     2.902446     85
    0.235705     3.997644     5.261611     7.120470    -0.033116     2.902446     85
    3.242114     3.703393     4.189386     6.386067     0.299622     2.902446     85
   -1.155495    -0.433467    -0.754992    -1.490137    -0.297354     2.902446     85
   -0.807418     1.837060     2.850929     4.266645     0.240017     2.902446     85
   -1.119317     0.308066     0.011993    -1.091869    -0.015292    -2.854881     86
   -1.702140    -2.474680    -2.353550    -3.590212    -0.854886    -2.854881     86
   -1.956183    -3.236030    -4.337381    -4.540925    -0.347553    -2.854881     86
   -1.363922    -1.721080    -3.703225    -5.709782    -0.561780    -2.854881     86
    0.432588     2.049234    -0.490968     0.364093    -0.765430    -2.854881     86
    1.609858    -2.031109    -3.535170    -3.730473     0.733635    -2.854881     86
   -1.753127     0.139779     1.528609     2.603142     0.786447    -2.854881     86
   -1.130136    -2.480002    -2.950683    -3.863420    -0.496125    -2.854881     86
   -2.325289    -3.680720    -4.901667    -4.963131    -0.740715    -2.854881     86
   -0.171363     0.384360     0.600636     0.710608     0.122850    -2.854881     86
    2.444937     2.044064     0.753332     1.348901    -0.505740     1.083696     87
    1.835931     2.893226     1.522394     3.029171     0.436758     1.083696     87
    0.720365     3.164472     2.889850     2.898364     0.116867     1.083696     87
    1.435718    -0.026963     1.407522     0.595924    -0.283691     1.083696     87
    3.739947     3.227240     2.271313     2.801014     0.910267     1.083696     87
   -0.797447    -2.236907    -1.473882    -3.032654    -1.244976     1.083696     87
    0.878620     3.279268     1.350864     5.088614     0.677518     1.083696     87
    1.127560     1.213345     1.560753     0.825454     0.798049     1.083696     87
    3.206887     5.430408     7.066331     7.228288     2.294118     1.083696     87
    3.310999     4.179101     5.607290     4.821074     0.670473     1.083696     87
    1.833676     1.921181     3.212620     4.710731    -1.933108     0.132352     88
    4.190979     3.864039     2.440861     4.694655     0.449391     0.132352     88
    1.192560     4.649833     6.181676     8.824652     0.257772     0.132352     88
    2.227340     3.742473     5.618744     8.071998     2.414446     0.132352     88
    2.984881     3.333920     3.774048     5.185016     1.690443     0.132352     88
    1.375850     2.107553     1.274968     3.164009     0.033609     0.132352     88
    0.791453     3.420315     3.949047     5.082700     1.687907     0.132352     88
    2.583322     4.373046     4.246932     8.060588     0.445903     0.132352     88
    1.949807     3.374435     3.593197     6.060564     1.279753     0.132352     88
    3.036507     2.212481     5.261422     6.393669     1.362104     0.132352     88
   -0.436239    -0.579695     0.639471     2.659323    -0.162270    -1.256046     89
    1.247620     1.517045    -0.776990     0.330468     1.204966    -1.256046     89
    0.486215     1.157228     0.549867     2.108428    -0.147531    -1.256046     89
    1.353427     2.556768     2.675435     4.916996    -0.406117    -1.256046     89
    3.263327     2.728311     3.105513     3.628054    -0.391944    -1.256046     89
   -0.283074    -0.075436    -1.028005    -1.558731    -0.283177    -1.256046     89
    1.260614     1.384320     1.627019     3.628282     0.530274    -1.256046     89
   -0.965040    -0.581924    -1.671182    -0.892504    -0.209568    -1.256046     89
    0.143692     0.526208     1.704197     1.214552     0.850195    -1.256046     89
    1.345356    -0.355243     0.417528    -0.404671     0.122883    -1.256046     89
    1.456165     1.572562     4.023323     3.973094     0.332012    -1.841052     90
    1.087868     1.270641     0.506003     0.923980    -0.549951    -1.841052     90
   -0.972893     0.038720    -0.096375     0.576288     0.079902    -1.841052     90
    0.530438     1.204413     0.859511     2.995391    -0.587768    -1.841052     90
   -0.298771     0.906144     1.031021    -0.946039    -0.106268    -1.841052     90
    0.024284    -0.376717     2.653342     2.717724     0.054230    -1.841052     90
    2.000840     0.549434    -1.859990    -2.301948     0.976779    -1.841052     90
    0.906185     3.843594     4.181899     6.003174    -0.280104    -1.841052     90
   -2.396557    -1.148176    -4.045029    -5.279166    -2.019813    -1.841052     90
   -1.917693    -1.899305    -3.498565    -4.131678    -0.977829    -1.841052     90
    0.997665     0.473335    -1.964775    -3.703486    -0.060248     0.836160     91
    0.406616     0.566009     0.228473     1.536688    -0.555586     0.836160     91
    2.231209     2.063886     0.743555     1.756608     0.888746     0.836160     91
    0.591791     1.926948     2.504087     4.185079     0.667003     0.836160     91
    0.050150    -0.841573     0.626425    -0.171782    -0.847113     0.836160     91
    1.582640     0.628625     2.585441     3.686642     0.686976     0.836160     91
   -1.665449     0.667785     0.726371     2.141863    -0.068180     0.836160     91
    0.486168     0.690753    -0.492627    -1.811535    -0.202308     0.836160     91
    2.026579     2.150500     1.439277     0.121713     0.475649     0.836160     91
    3.232181     3.083743     2.962197     4.077266     1.037297     0.836160     91
    1.742200     1.694743     1.922027     2.026431     0.692036     0.836160     91
   -0.620615    -0.136833     2.060465     1.235087     0.227907     0.836160     91
   -0.088129    -0.161498    -2.692584    -1.457924    -0.554537     0.836160     91
    1.986012     0.499697     0.540336    -0.166001     0.947128     0.836160     91
    1.608466     3.740625     4.077245     3.751762     1.753571     0.836160     91
    1.752108     3.779215     5.071205     3.618384     1.271250    -0.469686     92
   -2.661435    -0.842212    -2.088017    -1.399930    -1.180901    -0.469686     92
   -0.682192    -1.250004    -0.302116    -0.142867     0.210570    -0.469686     92
   -0.175839     2.055112     2.274222     3.785763    -2.048144    -0.469686     92
   -2.840147    -0.913767    -1.189610    -2.287714     0.699960    -0.469686     92
    1.474334    -0.272818     0.600826     0.453560     0.238448    -0.469686     92
   -0.653929     1.152452     3.759773     4.947040    -0.488493    -0.469686     92
   -0.957365     0.062867    -0.722281    -0.271638    -1.993420    -0.469686     92
    0.397482    -0.594889     1.289601     1.587465    -0.445904    -0.469686     92
    2.789959     3.432010     4.009075     5.348469     1.668187    -0.469686     92
    0.437393     0.215334    -0.376892     0.066451     0.932058    -0.469686     92
    0.290971     0.845474     2.674198     2.417191    -1.103130    -0.469686     92
    0.026350     1.405279    -1.248408     1.267700    -0.078086    -0.469686     92
   -0.101810     0.902342     1.769831     2.250200    -0.624813    -0.469686     92
   -0.756606    -1.157449    -1.804434    -2.304931    -0.403244    -0.469686     92
    4.482126     7.835660    10.779998    11.702517     2.452930     0.096031     93
    0.017144     2.141656     3.991046     5.240803     0.886159     0.096031     93
   -2.248458    -0.690361     1.397930     3.630485    -1.316671     0.096031     93
    0.738455     2.243125     4.254597     6.519014     0.248821     0.096031     93
    3.127469     4.454786     6.485703     6.358516    -0.039961     0.096031     93
    4.096684     4.589515     7.048601     9.112804     0.794759     0.096031     93
    1.593632     1.337054     1.112634     1.795032    -1.394016     0.096031     93
    1.481078     2.201156     3.342720     3.276627    -1.104945     0.096031     93
   -0.327463     1.527710     1.561937     4.549110    -0.428247     0.096031     93
   -0.656037     0.529326     1.142781     1.747887    -1.349542     0.096031     93
    1.871467     1.182281     3.226752     2.151623     0.730869     0.096031     93
    1.190271     4.175066     6.259918     8.963478    -0.682403     0.096031     93
    0.391135     0.463306     1.375132     3.153241    -1.315615     0.096031     93
    2.635064     2.882854     2.695010     4.638843    -0.858366     0.096031     93
    2.522863     2.498802     3.598811     5.616424     0.333955     0.096031     93
    0.659725     2.540137     3.529713     4.307846     0.124715    -0.295619     94
    3.319244     2.570458     2.738568     3.961518     0.907972    -0.295619     94
    2.505000     4.064493     1.593469     2.663839     1.051666    -0.295619     94
    0.056444     1.115016     1.946341     2.989923     0.170724    -0.295619     94
   -2.421988    -1.335836    -1.535904    -1.703194    -1.749619    -0.295619     94
    2.358561     4.393392     5.747881     6.916579     1.096383    -0.295619     94
    0.699915    -1.301650    -0.759889    -1.295098    -0.540350    -0.295619     94
    2.569656     3.531727     4.997314     5.457388     2.005375    -0.295619     94
    4.388311     4.361776     4.733501     6.130964     0.605994    -0.295619     94
   -1.732317    -1.560142    -1.208290    -3.365729    -2.926046    -0.295619     94
    1.551427     2.762645     1.996302     1.698312    -0.055524    -0.295619     94
   -1.421939    -0.627757    -0.406385    -0.353455     0.044256    -0.295619     94
    0.016353     0.080135     0.025335     0.785322    -1.178437    -0.295619     94
   -1.473786    -0.965122    -1.222684    -0.616626     0.507397    -0.295619     94
   -0.045721     0.217970    -0.318602     0.170320    -0.230296    -0.295619     94
    3.341306     2.096018     2.426082     1.553763     0.635307     0.310502     95
    2.384354     4.190020     5.221588     6.223148    -0.625188     0.310502     95
    2.391074     4.228707     3.218303     4.609556     1.596061     0.310502     95
    2.435704     3.981217     4.888611     5.377205     0.363107     0.310502     95
   -1.462872     0.955911     0.402675     2.922856     0.489855     0.310502     95
    2.481806     2.039711     0.894694    -2.054943    -0.669044     0.310502     95
    1.989261     4.468514     6.115000     6.015469     0.604127     0.310502     95
   -0.119180     0.638602     1.835989     2.454801    -1.935562     0.310502     95
    1.362372     1.994715     4.115762     2.463400    -0.732914     0.310502     95
    5.002293     2.649315     1.628691     2.765135     1.287281     0.310502     95
    4.727368     5.401743     4.777624     5.706516     0.216627     0.310502     95
    0.244928     1.259315     0.096329     2.528751    -0.479871     0.310502     95
    2.529362     3.276388     3.983013     4.229133     1.026748     0.310502     95
    1.123413     2.233202     2.146033     1.562417    -0.496801     0.310502     95
    0.726524     2.192339     1.954123     1.177359    -0.337927     0.310502     95
    0.268834     2.372896     3.764689     6.148362    -0.898557     0.887776     96
   -1.534349    -0.422302     0.030537     0.020108     0.081889     0.887776     96
    2.485035     3.052161     5.514997     6.252013     1.502099     0.887776     96
    2.123538     3.674544     4.028356     6.530465     0.157747     0.887776     96
    3.617830     2.734150     0.848782    -1.616791    -0.729885     0.887776     96
    1.759957     2.346323     2.993237     2.489123    -0.022468     0.887776     96
    0.105390     0.623511     2.832055     4.081274     0.619264     0.887776     96
    1.198403     1.590937     4.045867     4.099549     0.053089     0.887776     96
    0.374701     0.024634    -0.132475     1.097342    -0.392415     0.887776     96
   -0.308248     2.715764     4.709409     5.361288    -0.078732     0.887776     96
    2.004562     3.941479     2.125462     2.610756    -0.072133     0.887776     96
    1.475797     0.803580     2.038007     1.158256    -1.099708     0.887776     96
    0.077345     0.130935     0.532810     0.049070    -1.580994     0.887776     96
    0.993698    -0.173822     0.826208     1.332532     0.201490     0.887776     96
   -3.643087    -5.305275    -3.854121    -5.171220    -2.042027     0.887776     96
    3.317586     3.446965     4.350865     5.796761     0.565053     0.327183     97
    2.705374     3.106454     5.472836     4.706538     0.395138     0.327183     97
    0.349666     1.331193     1.601071     2.389914    -1.955944     0.327183     97
    0.324643     0.367516     0.199152     1.842481    -2.110338     0.327183     97
    4.288314     4.529762     7.085762     7.199544     1.044138     0.327183     97
    1.561672     1.817534     3.256523     3.547720    -1.320793     0.327183     97
    4.079659     4.351950     4.011560     4.518643     0.555490     0.327183     97
    2.464729     3.766508     3.125200     3.846240    -0.751847     0.327183     97
   -0.147023     0.958895     2.592195     2.497405    -1.129491     0.327183     97
    1.812695     3.196728     3.770308     5.536187    -0.317990     0.327183     97
    4.026571     5.647735     9.792894    11.426944    -0.281255     0.327183     97
    1.079997     1.918192     3.016237     3.364110    -1.767881     0.327183     97
    0.840039     0.803845     1.251928    -0.576523    -1.728622     0.327183     97
    2.727903     4.315330     4.840399     6.817846     0.759492     0.327183     97
    3.246556     2.879497     3.320859     3.042090    -1.098311     0.327183     97
    1.614654     1.240092     2.522261     2.535911     0.110591    -0.255713     98
    1.648903     2.593030    -0.292558    -1.107274     0.815607    -0.255713     98
    0.564085     1.476819     4.144192     5.639296    -1.310380    -0.255713     98
    2.607585     3.063817     6.819669     7.440872     0.836269    -0.255713     98
    1.730599     2.402882     0.966963     3.291583     0.123980    -0.255713     98
    3.228892     3.288705     3.803789     5.429565     0.709566    -0.255713     98
   -0.402301    -0.786644    -0.533655     1.417949    -0.265836    -0.255713     98
    3.350616     2.701842     2.973954     5.650296     0.714575    -0.255713     98
    0.602719    -0.589985     0.366489     1.637575     0.331126    -0.255713     98
    3.574279     5.270656     5.601968     6.028067    -0.064730    -0.255713     98
    1.737362     3.129560     3.175736     4.396566     0.362133    -0.255713     98
    1.771592     2.747727     2.618419     4.229196     0.989706    -0.255713     98
    0.644741     3.861843     4.928565     6.393857    -0.328201    -0.255713     98
    3.300865     4.187808     5.972114     5.214015     2.074775    -0.255713     98
    2.308767     2.485409     5.163304     7.641532     0.366903    -0.255713     98
   -0.484467    -1.858231    -2.725329    -3.762768    -0.756868     0.425078     99
    0.947782     1.130059     2.906057     2.490019    -0.650040     0.425078     99
    1.919511     1.196567    -0.640237    -2.480067     1.049560     0.425078     99
    0.482843     2.040633     2.936505     3.312585    -1.249348     0.425078     99
   -0.241642     0.292046     0.830657     1.694760    -0.038632     0.425078     99
    0.365439     1.782657     1.597597     2.519675     0.815167     0.425078     99
    2.120954     1.982365    -0.023924     0.831862     0.875031     0.425078     99
   -0.536340    -1.136167    -1.082713    -0.964239    -0.343303     0.425078     99
   -1.912863     1.272160     2.090089     2.752045    -0.237354     0.425078     99
    2.056865     1.502051    -0.094039    -1.090996    -0.483487     0.425078     99
    0.682943     1.610387    -1.917368    -0.330832    -0.149388     0.425078     99
    2.246830     3.320133     3.872208     4.545438     1.209585     0.425078     99
    2.228883     1.595480     3.676456     2.883886     0.856835     0.425078     99
    3.568230     1.306089     2.131441     2.810419     1.154385     0.425078     99
    1.289627     0.167295    -0.359185    -1.693882    -0.289802     0.425078     99
    0.491076     2.134436     3.166860     3.796479     0.244473     0.690699    100
   -0.276369    -0.618680     1.935631     0.202413    -0.392400     0.690699    100
    0.722875     2.465016     0.597218     3.357703    -0.629114     0.690699    100
   -2.283030     0.640682     2.252354     0.876973    -0.475233     0.690699    100
   -0.084047     0.470358     1.414799     3.775987    -0.637060     0.690699    100
    0.537669     2.788569     4.293578     6.002769    -0.407458     0.690699    100
   -0.623189     2.278642     0.577313     2.301272    -1.274908     0.690699    100
    1.284409     2.780610     4.742406     7.045584     0.865116     0.690699    100
    1.053588     3.419345     7.153272     9.934681     0.745782     0.690699    100
   -0.483379     0.370623     2.025961     2.648881    -1.164689     0.690699    100
   -2.466635    -0.064584    -1.077186    -1.874076    -1.076453     0.690699    100
    1.780419     2.092337     3.796992     3.624371    -0.158757     0.690699    100
    2.112172     1.852606     0.301420     1.458817     0.400085     0.690699    100
    2.675896     2.452185     0.916220     1.606559     0.867339     0.690699    100
    1.451997     0.493025     3.667965     4.529851     0.493091     0.690699    100
   -1.490205    -1.285167    -0.841984    -0.626103    -0.899984    -0.681023    101
    0.402525     1.373333     2.082938     3.059802    -0.149684    -0.681023    101
   -3.077261    -1.783815    -2.582532    -3.161235    -0.219315    -0.681023    101
   -2.041476    -1.204967    -0.060138     1.639929    -0.969178    -0.681023    101
    0.411090    -1.441131    -0.776895    -2.415064     0.513093    -0.681023    101
    1.963847     0.068186     1.433096     1.668347     0.586057    -0.681023    101
    0.384247    -0.240580    -0.557030    -0.293273     0.904827    -0.681023    101
    0.446138    -0.493431     0.487023    -0.037917    -0.768648    -0.681023    101
   -3.812185    -3.800141    -3.270717    -5.181434    -1.296414    -0.681023    101
   -3.673194    -1.599808    -3.469499    -3.379386    -1.542500    -0.681023    101
    0.649728     0.085433     3.385769     4.197806     0.566590    -0.681023    101
    2.102037     3.623887     3.071851     5.883163     2.958716    -0.681023    101
   -0.893098    -0.279801     0.004560    -0.855265     0.828599    -0.681023    101
   -0.379954    -0.724223    -0.688215     0.563707    -0.057080    -0.681023    101
   -0.798850    -0.714488    -1.379344    -1.079095     0.409995    -0.681023    101
    2.244768     2.118630     2.456743     1.581144    -1.381324    -0.076322    102
    1.843161     2.111002     4.199327     4.686274    -0.357719    -0.076322    102
    2.715850     1.622432     2.294851     1.280352     1.013191    -0.076322    102
    1.280009     0.774763     0.256241    -0.554919    -0.051319    -0.076322    102
    2.020759     4.751093     4.613922     6.596404    -0.124801    -0.076322    102
    3.600864     2.386092     3.906598     3.917459     0.321230    -0.076322    102
    1.760842     0.911527     0.784288    -2.432223    -0.146309    -0.076322    102
    1.786721     1.549771    -0.588161    -1.469317    -1.173224    -0.076322    102
    1.575027     1.782660    -1.160015    -1.671038     0.846385    -0.076322    102
    0.116689     0.560462     2.964548     2.442536     1.955492    -0.076322    102
    0.430670     0.804712     3.029189     2.711024    -0.118260    -0.076322    102
   -2.555761    -2.805711    -5.664973    -4.032345    -1.811487    -0.076322    102
   -1.419615    -1.631519    -1.500150    -4.587219    -0.555015    -0.076322    102
    1.658445     2.147118     0.814746     1.324628     0.026168    -0.076322    102
   -0.854229     1.236474     0.083588    -0.844493    -1.536604    -0.076322    102
    1.711007     0.397667    -0.016396    -0.279192    -0.802510    -0.141709    103
    1.362243     0.962930    -1.217026    -1.103566     0.432196    -0.141709    103
   -0.258225    -0.652484    -0.948293    -2.295921    -0.229717    -0.141709    103
   -1.767157    -1.032827    -2.547200    -3.504372    -1.180642    -0.141709    103
   -1.127870    -2.818713    -3.116263    -2.985671    -0.280325    -0.141709    103
   -0.715264    -2.290716    -1.651400    -2.872619    -0.231823    -0.141709    103
    0.069580     0.652548     0.984291     1.592990     0.807799    -0.141709    103
   -2.405587    -2.322956    -2.747333    -1.985765    -1.277009    -0.141709    103
    0.274415     1.419226     2.780268     2.414508     0.267773    -0.141709    103
    1.912607     0.629293    -0.117942    -1.150364    -0.946296    -0.141709    103
    1.181905     3.052900     5.521720     6.011634     1.604681    -0.141709    103
    0.472726    -0.585082     0.750594    -1.000909    -0.466333    -0.141709    103
    0.409257     0.153727    -0.880228    -0.537638     0.187486    -0.141709    103
   -0.684505    -1.245363    -0.482658     0.065272    -1.189108    -0.141709    103
    0.719100     0.979222    -1.148201    -0.831718    -0.290657    -0.141709    103
   -3.494357    -3.501730    -4.239276    -3.501967    -1.163969    -0.297368    104
   -0.013264     2.529016     4.329235     5.701314     0.291077    -0.297368    104
    0.866741     1.196925     4.142743     5.432670     0.589213    -0.297368    104
   -2.535250    -0.630214    -1.687155    -0.587888    -1.535844    -0.297368    104
    0.158583    -0.552323     0.619193     1.592844    -0.471149    -0.297368    104
    2.638151     1.798350     3.290822     4.065259     1.039332    -0.297368    104
   -0.047124     1.798662     2.591501     1.731256    -0.878465    -0.297368    104
   -1.458705    -0.071390     1.453367     1.979651    -0.475161    -0.297368    104
    0.445405     1.806694     2.509388     2.568095    -0.962217    -0.297368    104
    0.990615     3.587304     4.985586     6.280472    -0.446248    -0.297368    104
    0.466975     0.662714     1.834148     0.715961     0.125825    -0.297368    104
   -2.239529    -0.657709     0.552136     0.368486    -0.019296    -0.297368    104
   -3.275154    -1.703609    -1.247485     0.928004    -2.609105    -0.297368    104
    1.942375    -0.397006     3.727126     5.695764    -0.582770    -0.297368    104
    0.052210     0.189658     1.449407     4.002993    -0.923014    -0.297368    104
    1.839357    -0.086386    -0.565890    -1.002135    -0.118688    -0.696277    105
   -0.855423    -0.842564    -1.496719    -1.429648    -0.725836    -0.696277    105
   -0.922368    -0.447188    -0.096111     0.105212    -0.090249    -0.696277    105
    2.898269     0.592746     1.790114     3.752882     0.127334    -0.696277    105
   -0.167072    -1.765831    -0.701094    -1.425702     0.383684    -0.696277    105
   -3.055833    -2.604972    -4.278587    -3.835010    -1.382007    -0.696277    105
   -2.048305    -1.805395    -1.593973    -2.206496     0.404519    -0.696277    105
   -0.404030    -0.704701    -2.448581    -3.050564    -1.392391    -0.696277    105
    1.281290     1.723470     1.567184     0.448375    -0.080220    -0.696277    105
   -0.436336    -1.389932    -3.713127    -3.961714    -0.947831    -0.696277    105
   -1.361487    -1.022904    -1.929241    -3.120946    -0.823467    -0.696277    105
    1.816933    -0.255090    -0.123515    -1.149141    -1.258620    -0.696277    105
    0.509577     0.726489     0.249571     0.441125     1.377942    -0.696277    105
   -0.637295    -3.269797    -1.768554    -3.044526    -0.895814    -0.696277    105
   -1.528435    -2.055185    -1.196641    -2.973638    -1.432392    -0.696277    105
    2.937516     2.781455     3.330296     3.448179    -0.445335     2.246520    106
    0.954589     2.460217     3.718927     4.446536    -1.310983     2.246520    106
    1.872245     2.275970     2.067140     2.155432    -1.214719     2.246520    106
    0.232536     1.351439    -0.805870    -0.877253    -0.498261     2.246520    106
    1.860679     0.480690     2.075612     2.415471    -0.636006     2.246520    106
    1.285462     1.904185     5.039888     4.792888    -0.884807     2.246520    106
    2.589331     3.161488     3.542176     5.048582     0.138233     2.246520    106
    2.808747     2.240608     2.389244     2.749407     1.259580     2.246520    106
    2.840401     2.885112     3.066560     1.444429     0.004296     2.246520    106
    6.198332     5.235231     7.942899     7.294077     0.670719     2.246520    106
    3.813150     1.795435     2.787446     3.163470    -0.521968     2.246520    106
    2.304674     4.651377     5.479009     4.588359     0.584217     2.246520    106
    2.256569     2.946100     1.808862     2.064817     0.335244     2.246520    106
    0.112179     1.851746     2.461737     3.978182    -1.331295     2.246520    106
    2.889134     3.234099     4.658008     6.525853    -0.311932     2.246520    106
   -0.695749     1.771672     0.424664     0.595845    -0.219462     0.226822    107
    1.007923     1.987327     0.760057     1.938577     1.098681     0.226822    107
   -1.742271    -0.248427    -0.059669     2.054492    -1.330127     0.226822    107
    3.008472     2.990360     5.854854     7.316858     0.924282     0.226822    107
    2.136153     2.793507     4.047818     5.754564     1.888915     0.226822    107
    1.100814    -0.576448     1.164754     0.512667    -0.455335     0.226822    107
   -0.978554     0.657209    -0.587807     0.504676    -1.606463     0.226822    107
    2.000586     3.461021     2.859398     5.987039     1.097471     0.226822    107
    1.002090     3.062719     2.803477     3.912732     1.115255     0.226822    107
    0.389346     2.392384     1.876885     3.778642     1.306614     0.226822    107
   -0.094149    -0.862478     1.342047     3.305974     0.290332     0.226822    107
   -0.840363    -0.401964     0.635317    -0.159267    -0.022050     0.226822    107
   -1.363286    -1.761817    -3.614496    -6.321678     0.721711     0.226822    107
    1.092158     1.137630    -0.547948    -0.063261     0.783183     0.226822    107
    0.408106     1.413367     1.253129     3.520915     0.593829     0.226822    107
   -0.179349    -3.345997    -2.849692    -3.218142     0.515772    -1.811359    108
   -0.266815    -1.774726    -0.737038    -0.096003     0.814183    -1.811359    108
   -1.011509    -3.078093    -5.197529    -6.502890     0.288974    -1.811359    108
   -3.395274    -2.443362    -5.174508    -6.336118    -1.516287    -1.811359    108
   -1.786066    -3.347594    -6.408451    -7.257883    -0.926617    -1.811359    108
   -0.332528    -0.493023    -3.851909    -4.183721     0.937960    -1.811359    108
   -2.472335    -4.240328    -3.807730    -5.703681     0.197797    -1.811359    108
    1.557180     2.435755     2.061636     3.164158     2.760676    -1.811359    108
   -3.276023    -2.759674    -2.532097    -2.796271     0.514124    -1.811359    108
   -1.616283    -3.244924    -2.815983    -6.673313    -1.676391    -1.811359    108
   -0.985568    -3.582193    -2.991692    -4.501265    -0.520902    -1.811359    108
    0.020501    -0.555931    -0.413920    -1.623224     0.238036    -1.811359    108
   -1.591576    -1.828602    -3.406773    -1.984618     0.369744    -1.811359    108
   -2.187608    -3.516244    -6.066636    -6.823640    -0.595965    -1.811359    108
    0.587731    -2.805204    -4.196689    -6.305706    -0.388513    -1.811359    108
   -0.240665     1.554197     2.811794     4.541725     0.692590    -1.567364    109
   -1.710799    -2.053487    -1.933823    -3.434908    -1.240833    -1.567364    109
    3.071824     3.794103     4.259144     5.195769     1.622515    -1.567364    109
   -0.428568     0.887066     3.191818     3.183332     0.005478    -1.567364    109
    0.989009     0.857991     0.583143     0.470959    -0.056139    -1.567364    109
    0.195285     0.302692     1.170849     1.268255     0.204130    -1.567364    109
    0.961640     0.118453     0.919473     0.128024     0.227562    -1.567364    109
   -1.249214    -0.708734     0.441072     0.534833     0.431960    -1.567364    109
   -1.839360    -4.300870    -3.259149    -5.849540    -1.992988    -1.567364    109
    4.517942     4.274567     2.129217     0.839593     1.362566    -1.567364    109
   -0.338642    -0.939252    -1.690670    -0.307585    -1.913288    -1.567364    109
    0.382063     0.889525    -0.072801     2.218492    -0.088679    -1.567364    109
   -0.453434    -0.893492    -0.611627     0.201899    -1.561515    -1.567364    109
   -0.846858     1.847420     3.672191     3.681222    -0.777978    -1.567364    109
    3.191019     3.205992     1.670684     1.757449     1.830769    -1.567364    109
   -2.668873    -2.448197    -0.481458    -0.246697     0.130601     0.462621    110
    0.825194     3.405993     4.922588     6.429988     1.333772     0.462621    110
    1.108595     2.600242     1.900301     3.431552     0.310077     0.462621    110
    0.772321     1.733347     1.094986     0.288687     0.868528     0.462621    110
   -0.414499     0.087113    -0.609850    -1.335496    -0.506036     0.462621    110
   -2.039195    -1.472391    -0.575570    -0.837187    -0.733344     0.462621    110
    0.554430     1.890843     3.301650     5.273615    -0.330762     0.462621    110
    1.704676     1.212586     2.550613     2.327118     1.891747     0.462621    110
    2.143109     2.436908     2.227499     2.017258     2.095896     0.462621    110
   -2.833983    -0.703916    -0.449655    -0.131043    -1.431129     0.462621    110
    2.237376     3.496976     3.472299     5.062755     0.511482     0.462621    110
    3.197849     1.151138     3.398702     1.969038     1.264215     0.462621    110
   -2.295779    -0.307349    -1.441255     0.294609     0.792431     0.462621    110
   -0.916723    -0.287285     0.788627     0.327370     0.138001     0.462621    110
    2.123381     0.603115    -0.450161     1.195843     1.596276     0.462621    110
