"id" "Gender" "grade" "agey" "agem" "school" "visual" "cubes" "paper" "flags" "general" "paragrap" "sentence" "wordc" "wordm" "addition" "code" "counting" "straight" "wordr" "numberr" "figurer" "object" "numberf" "figurew" "deduct" "numeric" "problemr" "series" "arithmet" "paperrev" "flagssub"
1 "Male" "8" 14 6 "Grant-White" 27 24 17 37 49 11 18 27 18 48 58 71 166 173 89 105 8 13 12 32 9 31 21 23 17 44
2 "Male" "8" 14 0 "Pasteur" 37 24 16 25 46 12 20 31 26 92 79 147 211 168 90 104 10 13 19 42 12 40 37 30 21 37
3 "Male" "8" 13 4 "Grant-White" 42 33 13 24 60 8 16 26 14 93 91 114 205 185 96 112 11 16 19 74 20 41 27 28 22 51
4 "Female" "8" 14 3 "Grant-White" 25 24 16 14 30 10 23 31 16 128 97 166 246 184 84 113 14 8 20 43 14 18 20 30 16 39
5 "Female" "7" 14 -3 "Grant-White" 39 32 17 24 35 11 13 29 16 87 70 109 173 154 97 99 10 6 9 47 19 27 6 18 13 42
6 "Female" "8" 12 2 "Grant-White" 16 30 12 20 29 8 22 27 17 102 82 102 195 171 77 102 4 8 18 42 15 22 13 25 11 38
7 "Male" "7" 13 9 "Pasteur" 36 19 16 19 28 11 15 15 15 103 77 100 218 174 80 101 10 1 11 -2 19 17 16 22 15 34
8 "Male" "8" 15 7 "Pasteur" 21 24 12 9 50 7 16 22 19 138 71 115 172 157 86 105 10 8 15 38 15 29 16 29 11 24
9 "Female" "7" 13 3 "Pasteur" 30 20 10 7 48 14 28 34 27 83 81 107 195 172 80 100 11 9 11 35 15 43 25 25 19 43
10 "Female" "8" 11 9 "Grant-White" 34 26 13 24 32 8 16 19 11 92 63 95 237 172 83 105 7 8 9 36 14 24 19 28 20 37
11 "Male" "8" 14 2 "Pasteur" 26 20 15 27 48 4 9 18 9 82 45 110 176 155 77 87 -3 8 11 9 5 10 11 20 15 24
12 "Male" "8" 14 6 "Pasteur" 21 18 15 18 27 5 11 20 10 119 82 134 227 170 94 98 17 8 13 14 18 28 10 17 11 33
13 "Female" "8" 13 13 "Grant-White" 19 26 10 23 50 10 18 27 23 109 60 111 186 180 93 102 11 10 14 32 18 39 33 30 12 42
14 "Female" "8" 13 0 "Pasteur" 32 27 16 10 51 12 21 31 16 136 74 125 205 176 83 101 3 -1 8 28 17 30 14 24 15 32
15 "Female" "8" 13 5 "Grant-White" 24 14 11 13 38 8 15 23 13 126 85 90 203 201 89 103 13 10 17 34 18 29 25 31 15 23
16 "Male" "8" 14 8 "Pasteur" 24 20 12 15 29 6 13 20 13 105 55 114 171 175 86 99 8 10 7 25 17 18 6 19 13 31
17 "Female" "7" 12 4 "Pasteur" 29 23 12 33 40 9 16 22 19 149 107 94 204 182 95 115 16 12 14 19 18 33 25 31 14 38
18 "Female" "7" 13 2 "Pasteur" 29 21 17 20 39 11 21 23 18 124 67 113 173 180 87 100 14 9 13 51 18 31 31 24 15 39
19 "Male" "8" 15 2 "Pasteur" 29 20 16 16 38 6 13 24 15 127 73 143 190 166 85 100 11 14 16 15 19 17 9 28 16 42
20 "Male" "8" 13 2 "Grant-White" 27 25 16 21 40 6 15 27 13 73 53 126 183 189 88 112 -3 1 10 45 16 22 23 25 15 33
21 "Female" "8" 14 6 "Grant-White" 32 30 20 16 37 5 18 28 23 105 85 139 227 156 83 100 6 6 12 49 17 36 27 23 16 44
22 "Male" "8" 13 6 "Grant-White" 19 17 11 1 40 10 24 28 18 107 70 106 166 176 90 101 10 15 17 -1 15 31 10 27 8 32
23 "Male" "8" 14 4 "Pasteur" 28 23 16 20 35 9 11 22 7 88 81 104 192 170 98 105 10 10 11 0 14 18 23 24 19 38
24 "Female" "8" 12 8 "Grant-White" 23 26 16 8 32 8 23 31 22 57 54 100 159 174 88 86 7 8 10 28 12 32 8 26 16 47
25 "Female" "8" 13 6 "Pasteur" 25 25 12 14 17 5 11 21 2 93 74 129 186 172 90 94 7 3 10 7 15 19 21 24 15 38
26 "Male" "8" 13 1 "Grant-White" 35 31 18 31 56 12 23 38 25 68 67 121 188 172 100 102 -1 9 17 60 17 38 21 25 20 53
27 "Male" "8" 11 8 "Grant-White" 32 31 18 27 52 12 23 40 27 128 92 122 251 181 90 106 11 4 17 27 20 29 32 32 16 42
28 "Female" "8" 14 -1 "Pasteur" 40 36 19 26 53 12 17 27 18 92 95 118 232 201 103 107 13 9 15 24 19 33 30 27 21 35
29 "Female" "8" 11 8 "Pasteur" 27 25 15 14 28 7 18 28 1 101 77 116 212 166 91 102 7 -2 7 6 16 32 11 25 14 39
30 "Male" "7" 13 7 "Pasteur" 33 32 13 32 44 3 8 24 16 100 94 130 229 161 79 99 3 10 14 15 16 33 17 26 16 26
31 "Male" "8" 14 2 "Pasteur" 26 14 11 20 48 9 15 19 15 91 62 109 176 166 96 97 10 10 12 42 8 20 6 23 15 38
32 "Female" "7" 13 8 "Pasteur" 27 28 12 27 23 6 12 20 8 110 77 129 179 169 101 83 10 4 10 14 10 21 18 21 16 32
33 "Female" "8" 14 12 "Pasteur" 39 28 19 36 39 11 20 34 20 100 85 129 211 195 100 107 20 13 16 60 11 32 12 25 17 54
34 "Male" "7" 11 4 "Grant-White" 24 18 15 7 41 7 17 25 15 102 50 104 187 163 84 100 8 -1 13 20 10 8 18 29 15 37
35 "Female" "7" 13 8 "Pasteur" 23 21 18 6 47 12 21 27 25 103 72 89 196 168 94 104 8 9 13 9 14 26 24 22 14 25
36 "Female" "7" 13 6 "Pasteur" 28 35 17 30 33 10 19 21 19 83 66 78 193 183 90 100 -1 8 10 37 15 26 16 23 12 40
37 "Male" "7" 12 -1 "Pasteur" 31 24 16 18 37 6 20 27 11 89 78 89 210 191 91 97 7 6 5 34 22 30 21 23 16 47
38 "Female" "8" 13 3 "Grant-White" 33 31 14 14 34 9 18 22 5 87 97 104 229 180 93 108 11 13 14 59 18 22 27 25 17 31
39 "Female" "7" 15 5 "Pasteur" 16 21 14 12 22 6 10 20 4 73 41 68 153 182 89 103 9 8 13 12 9 21 10 16 17 35
40 "Male" "8" 13 10 "Pasteur" 31 28 15 24 61 11 19 34 28 70 62 92 187 158 86 96 6 2 13 26 13 31 26 18 17 39
41 "Male" "8" 11 8 "Grant-White" 38 23 13 20 50 9 23 31 21 82 61 104 157 182 89 108 8 4 11 56 13 33 20 27 16 39
42 "Female" "8" 14 -5 "Pasteur" 21 22 10 7 30 9 20 29 8 92 60 109 185 174 102 108 10 12 16 8 13 16 15 22 17 35
43 "Male" "8" 13 9 "Pasteur" 18 18 11 21 14 1 7 23 0 68 67 138 153 164 84 95 10 8 17 17 9 25 9 21 16 29
44 "Female" "8" 13 9 "Pasteur" 36 24 13 30 43 13 16 29 19 98 82 97 174 194 100 101 11 12 16 58 19 36 37 28 22 34
45 "Female" "7" 13 4 "Pasteur" 38 28 10 25 42 8 16 25 12 109 91 114 180 180 97 99 14 9 10 28 14 41 22 28 15 42
46 "Female" "7" 11 9 "Grant-White" 28 21 11 2 43 7 15 25 14 60 59 111 210 167 83 91 5 7 13 23 4 32 11 22 16 19
47 "Female" "8" 13 1 "Grant-White" 17 22 13 3 26 6 11 23 12 84 50 80 144 178 87 90 7 8 11 -18 6 2 15 19 14 23
48 "Female" "8" 14 2 "Pasteur" 33 30 20 40 55 12 25 33 21 104 78 126 208 182 87 114 6 10 17 31 23 32 24 18 16 50
49 "Male" "8" 14 -1 "Grant-White" 23 20 11 13 35 1 12 27 11 81 62 99 221 177 94 115 8 15 10 0 9 20 11 17 11 38
50 "Female" "8" 13 10 "Grant-White" 39 27 14 17 51 14 24 33 26 103 86 138 252 181 91 109 14 10 18 56 13 36 27 18 19 45
51 "Male" "8" 14 2 "Grant-White" 24 31 17 27 47 10 12 32 12 69 60 69 151 180 100 111 1 8 11 33 17 27 12 24 12 38
52 "Female" "8" 12 6 "Grant-White" 29 28 15 4 36 8 15 29 18 117 70 159 283 170 85 103 5 11 15 36 14 27 16 34 15 32
53 "Male" "8" 13 5 "Grant-White" 26 29 13 25 50 14 22 28 22 114 74 117 227 185 90 102 9 7 16 41 14 42 30 31 16 28
54 "Male" "8" 15 3 "Grant-White" 31 34 22 33 33 6 22 23 16 72 52 81 276 167 86 98 1 8 9 7 16 21 12 19 17 46
55 "Male" "8" 13 3 "Grant-White" 31 24 11 9 57 9 18 32 17 89 83 110 188 172 88 104 17 10 15 44 9 34 19 32 17 55
56 "Male" "8" 11 3 "Pasteur" 27 21 13 17 42 8 24 35 22 66 60 83 201 177 75 101 0 7 9 9 8 20 27 26 16 51
57 "Male" "8" 12 1 "Pasteur" 29 20 17 21 47 8 15 27 19 88 62 115 161 170 92 105 2 8 14 18 17 26 27 25 19 46
58 "Female" "8" 12 4 "Pasteur" 30 24 17 18 52 12 21 32 18 87 50 86 213 177 100 103 8 10 14 34 16 21 17 25 20 40
59 "Female" "7" 15 7 "Pasteur" 22 19 12 4 25 4 8 20 0 143 62 104 185 167 91 99 13 11 18 12 15 23 5 21 15 38
60 "Female" "8" 14 3 "Pasteur" 37 29 12 21 47 10 19 29 12 104 75 131 165 181 90 102 10 4 11 7 13 33 20 22 14 27
61 "Female" "8" 13 6 "Pasteur" 19 22 10 12 42 10 19 29 11 114 78 143 174 172 97 105 13 8 6 46 14 30 14 23 16 35
62 "Female" "8" 11 8 "Grant-White" 23 26 11 3 34 9 18 22 22 82 68 78 188 175 84 102 2 7 9 21 9 27 2 21 13 38
63 "Female" "8" 12 8 "Grant-White" 35 20 10 24 15 11 15 23 10 68 62 100 185 196 100 112 12 9 17 29 11 41 17 29 18 40
64 "Male" "8" 12 4 "Pasteur" 38 28 13 30 35 7 19 20 12 69 51 95 157 184 84 100 4 16 17 10 8 43 25 21 11 23
65 "Male" "8" 15 4 "Grant-White" 28 14 14 1 39 8 13 21 11 81 77 137 172 170 87 91 7 17 15 -1 9 21 7 23 13 20
66 "Female" "8" 15 5 "Pasteur" 33 24 15 18 31 4 12 15 14 112 78 156 265 167 104 106 14 19 14 19 13 31 20 24 11 49
67 "Female" "8" 12 1 "Grant-White" 36 29 15 9 26 6 20 28 8 90 63 113 195 189 105 111 9 12 14 25 17 30 27 24 14 42
68 "Male" "7" 14 -1 "Pasteur" 31 22 14 16 32 9 20 24 21 70 55 65 209 175 89 100 9 16 15 13 10 28 12 22 16 52
69 "Male" "8" 14 8 "Grant-White" 35 28 15 28 44 10 11 18 16 91 72 158 195 164 95 94 8 12 17 32 15 37 16 23 16 33
70 "Male" "8" 14 7 "Grant-White" 36 35 21 24 59 11 23 32 20 87 78 99 232 163 83 100 8 9 19 40 17 36 30 26 21 47
71 "Female" "8" 12 9 "Grant-White" 27 34 17 27 49 13 24 32 26 106 66 133 200 196 103 123 10 10 16 64 22 41 33 28 17 41
72 "Female" "8" 12 7 "Grant-White" 27 27 14 9 43 8 20 27 22 74 59 120 200 169 83 118 13 7 15 42 21 40 30 25 17 37
73 "Male" "8" 10 6 "Grant-White" 32 29 17 25 61 9 18 28 21 68 84 112 239 174 75 115 0 5 16 30 16 39 29 27 15 42
74 "Female" "8" 12 9 "Grant-White" 27 27 14 5 54 10 20 24 26 100 71 112 170 176 90 114 14 12 16 -1 10 27 26 28 18 22
75 "Male" "8" 14 3 "Pasteur" 45 32 20 35 64 18 25 33 29 127 67 119 179 179 91 107 6 13 9 23 18 33 35 28 21 49
76 "Male" "8" 13 9 "Pasteur" 33 36 14 24 39 7 20 30 21 92 65 122 183 206 96 115 12 13 14 56 16 29 18 24 19 39
77 "Female" "8" 11 11 "Grant-White" 31 30 15 5 58 13 25 30 19 113 58 120 148 167 84 103 7 8 12 16 13 19 13 26 17 16
78 "Male" "8" 12 5 "Pasteur" 34 19 15 16 39 12 16 18 15 116 67 129 187 182 103 98 12 20 10 52 15 9 11 27 14 42
79 "Male" "8" 13 4 "Grant-White" 33 29 17 26 39 9 18 29 12 100 83 85 233 186 93 113 9 9 9 7 14 17 26 19 21 42
80 "Female" "8" 14 7 "Grant-White" 36 24 15 14 59 11 16 24 15 130 72 118 162 183 97 105 15 16 12 2 11 24 18 32 14 36
81 "Male" "8" 13 2 "Grant-White" 39 27 19 24 68 12 29 34 38 121 74 145 268 177 89 111 17 8 17 69 24 49 30 35 17 45
82 "Male" "8" 13 9 "Grant-White" 45 31 14 24 55 11 18 30 18 44 94 103 184 192 94 108 -1 6 19 29 14 37 23 22 18 35
83 "Male" "8" 14 1 "Grant-White" 32 24 19 27 44 13 20 27 28 126 65 128 204 176 89 106 8 8 16 33 22 18 30 30 16 52
84 "Female" "7" 12 0 "Pasteur" 29 21 12 13 20 10 15 19 9 58 44 63 130 186 94 95 1 9 6 28 10 19 8 8 12 35
85 "Female" "8" 12 2 "Grant-White" 34 25 19 13 45 16 26 38 27 94 87 108 230 198 97 110 13 11 18 25 14 34 32 29 19 42
86 "Male" "8" 12 5 "Grant-White" 28 32 19 19 42 8 18 25 23 66 51 115 167 187 81 108 12 4 15 47 17 41 32 29 19 44
87 "Male" "8" 15 2 "Grant-White" 30 31 18 29 41 9 20 29 14 85 52 108 226 175 88 101 4 13 13 36 8 38 15 14 16 39
88 "Female" "7" 11 9 "Pasteur" 27 27 13 25 42 8 18 25 13 42 58 93 179 175 82 100 -2 4 15 16 15 25 27 30 16 37
89 "Male" "8" 15 6 "Pasteur" 31 33 15 37 19 7 11 20 8 126 75 131 203 159 84 100 5 12 18 20 14 21 11 29 15 35
90 "Female" "7" 13 6 "Pasteur" 30 27 12 7 43 12 14 28 7 91 92 108 201 165 85 109 7 12 6 10 16 33 24 20 14 42
91 "Male" "8" 13 5 "Grant-White" 30 23 15 28 57 13 19 29 26 52 55 119 179 176 101 97 8 13 20 37 14 33 22 24 17 39
92 "Female" "8" 14 14 "Pasteur" 13 24 13 9 28 -1 11 20 -3 117 64 126 160 164 88 93 6 7 11 6 18 22 15 29 17 21
93 "Female" "8" 12 4 "Pasteur" 32 31 11 18 35 10 15 23 17 93 73 101 220 183 95 113 14 4 13 34 15 37 20 27 12 33
94 "Male" "8" 14 11 "Pasteur" 45 26 16 26 59 12 22 26 23 114 70 118 207 168 96 121 12 9 14 59 18 34 27 28 16 41
95 "Female" "8" 13 5 "Pasteur" 31 27 15 21 40 6 13 30 16 109 66 131 258 178 92 101 15 19 19 26 20 36 30 24 20 47
96 "Female" "7" 12 7 "Pasteur" 34 26 18 20 49 12 21 23 23 98 79 106 235 180 84 105 14 11 20 25 14 21 21 23 15 27
97 "Female" "7" 15 3 "Pasteur" 37 17 14 15 39 8 17 16 6 130 85 139 257 179 88 111 10 2 11 18 11 14 19 22 11 24
98 "Female" "8" 12 6 "Grant-White" 29 27 9 28 43 12 27 29 21 76 93 98 240 184 89 116 8 14 19 8 16 43 27 31 15 31
99 "Male" "7" 13 7 "Pasteur" 24 20 14 12 24 8 11 19 9 89 45 104 149 167 79 92 3 2 5 2 13 18 2 21 13 28
100 "Female" "8" 12 5 "Grant-White" 37 21 14 9 49 11 18 27 19 55 63 96 196 171 85 106 2 5 19 24 9 39 24 20 19 30
101 "Male" "7" 12 9 "Pasteur" 43 27 14 30 48 15 19 28 24 133 100 120 188 189 95 111 13 10 9 44 13 28 23 29 13 34
102 "Male" "8" 14 11 "Pasteur" 24 22 11 22 35 7 17 17 12 102 73 111 176 164 87 103 5 4 10 11 15 28 4 25 14 32
103 "Male" "8" 14 8 "Grant-White" 26 12 11 7 45 7 16 16 16 90 61 107 154 178 78 102 4 8 9 12 12 21 -1 25 8 28
104 "Male" "7" 12 4 "Pasteur" 37 30 11 29 33 8 13 23 12 113 86 114 207 176 90 116 6 6 11 57 22 33 29 24 14 41
105 "Male" "7" 13 7 "Pasteur" 38 33 19 38 35 6 15 24 21 127 77 135 244 165 81 111 13 3 18 49 26 42 28 26 18 54
106 "Female" "8" 12 7 "Pasteur" 28 25 19 24 37 8 18 24 16 77 65 119 239 182 95 99 15 10 17 7 15 23 11 16 16 41
107 "Female" "8" 12 4 "Pasteur" 26 30 11 21 47 12 23 27 18 109 77 115 201 168 88 109 9 6 10 12 18 24 18 24 14 46
108 "Male" "8" 16 1 "Pasteur" 35 18 14 18 41 14 14 25 20 91 68 101 219 181 98 98 9 7 10 17 9 25 11 23 16 44
109 "Female" "8" 13 2 "Pasteur" 16 23 14 21 36 9 11 20 15 77 59 118 145 171 84 98 1 7 15 8 7 27 4 16 9 32
110 "Male" "8" 13 8 "Pasteur" 24 29 7 16 41 13 21 30 26 98 64 134 203 175 89 106 9 14 13 18 7 33 16 26 16 38
111 "Male" "8" 13 10 "Grant-White" 35 29 21 1 37 9 24 28 25 44 58 92 194 175 85 112 9 5 22 33 23 32 25 31 22 44
112 "Male" "8" 12 6 "Pasteur" 34 25 19 35 35 10 20 28 19 75 82 117 218 173 82 100 11 6 16 20 13 36 14 22 13 51
113 "Female" "8" 12 4 "Grant-White" 31 32 19 32 57 19 26 30 34 135 97 128 191 177 98 107 11 10 16 60 25 32 28 32 18 52
114 "Male" "8" 15 -4 "Pasteur" 24 22 13 5 45 9 15 19 11 108 55 124 185 181 91 94 2 4 14 4 6 21 8 16 16 14
115 "Male" "8" 13 2 "Pasteur" 37 27 16 21 41 5 8 25 14 107 59 99 159 198 94 98 8 11 8 31 13 27 17 25 13 40
116 "Female" "8" 11 9 "Pasteur" 32 25 12 20 51 10 20 31 17 104 58 104 204 179 94 99 10 11 15 42 16 33 34 22 16 37
117 "Male" "7" 15 4 "Pasteur" 29 14 16 8 7 7 15 16 6 99 69 126 190 195 87 94 13 8 17 11 13 14 8 21 16 28
118 "Female" "7" 12 0 "Pasteur" 32 22 14 11 27 11 15 33 7 43 62 96 168 183 90 99 1 10 16 9 3 22 19 16 21 28
119 "Male" "8" 12 11 "Grant-White" 36 20 16 26 46 12 19 32 16 98 78 106 196 189 98 110 8 16 13 41 11 33 27 32 16 40
120 "Female" "8" 12 4 "Grant-White" 30 25 11 11 36 8 17 27 13 85 65 122 169 167 84 109 8 6 14 12 13 12 10 28 13 45
121 "Male" "8" 12 5 "Grant-White" 15 22 12 14 46 9 16 27 16 94 55 75 127 189 99 102 8 3 13 18 9 37 27 30 9 22
122 "Female" "8" 12 4 "Grant-White" 22 21 9 20 42 9 18 31 15 100 80 86 162 168 101 113 14 15 14 31 15 22 16 23 10 37
123 "Male" "8" 12 5 "Pasteur" 26 29 14 15 39 7 10 27 8 79 68 80 133 169 99 109 2 8 16 21 19 23 15 19 17 44
124 "Male" "8" 14 4 "Pasteur" 31 30 16 28 44 9 20 28 18 90 95 142 190 183 86 103 14 18 8 59 13 33 18 24 13 44
125 "Male" "7" 12 0 "Grant-White" 33 25 14 6 54 11 23 30 24 100 73 79 218 196 94 109 6 7 12 11 10 21 17 21 10 27
126 "Female" "8" 13 1 "Pasteur" 34 20 14 17 37 11 14 30 18 121 67 115 196 209 102 112 13 17 18 12 15 24 11 28 18 41
127 "Male" "8" 14 4 "Pasteur" 29 22 14 21 35 9 14 19 9 102 76 127 227 188 93 102 10 8 12 42 11 20 13 21 16 40
128 "Male" "7" 11 8 "Pasteur" 39 28 15 21 34 11 14 23 20 87 47 86 121 182 99 111 7 13 12 41 19 36 19 27 13 40
129 "Male" "8" 14 6 "Pasteur" 32 23 13 14 52 11 24 28 24 59 35 131 203 183 93 108 3 6 15 50 9 36 21 17 18 45
130 "Female" "8" 13 8 "Grant-White" 18 15 12 8 48 8 22 30 22 125 75 109 164 173 84 87 2 8 13 -38 10 20 0 26 11 21
131 "Female" "8" 15 6 "Pasteur" 16 29 11 4 22 1 11 15 3 76 44 116 163 180 92 101 15 13 9 -7 -1 7 -1 13 14 22
132 "Male" "8" 14 10 "Pasteur" 35 28 12 17 53 10 14 22 20 110 76 121 179 160 87 92 6 4 16 12 13 30 21 23 18 31
133 "Male" "7" 15 4 "Pasteur" 26 24 16 20 22 4 15 17 6 93 65 163 237 178 87 97 3 5 13 24 20 22 12 23 16 28
134 "Male" "8" 13 5 "Grant-White" 43 35 17 20 56 12 22 30 32 93 63 133 220 158 87 108 7 11 17 46 19 48 42 26 21 43
135 "Female" "8" 12 6 "Grant-White" 15 24 13 11 46 9 24 28 19 99 68 105 186 185 92 98 5 15 12 31 14 33 12 26 13 35
136 "Male" "8" 13 4 "Grant-White" 30 22 17 21 58 12 23 35 23 85 77 106 188 175 95 111 7 12 17 52 23 48 16 35 16 51
137 "Female" "8" 13 7 "Pasteur" 27 30 18 17 55 18 22 33 24 153 84 133 220 188 106 112 15 8 10 47 20 23 25 28 15 41
138 "Male" "7" 14 7 "Pasteur" 22 14 20 11 36 7 10 17 22 115 46 143 128 169 86 96 6 6 13 22 10 19 14 17 17 30
139 "Male" "8" 13 5 "Grant-White" 30 31 13 26 41 7 12 36 7 112 61 117 182 176 101 101 12 10 16 32 15 30 22 18 18 38
140 "Female" "7" 12 8 "Pasteur" 28 22 12 24 24 9 17 26 11 68 55 118 222 171 74 103 11 3 13 37 12 27 19 21 17 53
141 "Female" "8" 14 7 "Pasteur" 33 17 8 19 19 8 10 19 14 115 71 125 239 172 93 99 13 9 18 24 15 23 21 23 14 38
142 "Male" "8" 13 1 "Pasteur" 26 13 16 16 27 3 9 22 4 77 78 100 164 179 110 102 14 18 17 27 12 16 2 19 16 26
143 "Male" "8" 12 5 "Grant-White" 25 28 12 9 46 6 16 27 12 84 72 112 175 169 81 101 10 8 17 11 6 26 11 22 18 16
144 "Female" "8" 12 11 "Grant-White" 21 29 15 18 60 16 25 37 25 100 69 112 231 182 95 106 5 5 18 60 22 35 30 25 20 45
145 "Female" "8" 12 5 "Grant-White" 32 21 14 1 33 11 17 24 12 80 68 108 233 168 92 104 7 7 18 28 12 37 14 28 18 31
146 "Female" "7" 13 6 "Pasteur" 43 20 14 9 19 11 15 26 9 69 74 85 171 178 97 94 9 10 12 19 15 31 15 20 18 37
147 "Male" "8" 13 2 "Grant-White" 23 22 19 22 24 3 14 21 3 88 44 93 235 169 83 100 4 9 14 31 8 14 8 21 16 37
148 "Male" "8" 14 -2 "Pasteur" 40 27 13 36 42 10 16 27 13 81 77 126 167 146 88 113 4 14 12 34 16 43 27 23 12 48
149 "Female" "8" 13 4 "Pasteur" 41 30 18 30 66 18 25 36 30 150 93 109 230 196 91 103 12 10 14 26 23 37 43 28 19 49
150 "Female" "8" 13 3 "Grant-White" 23 25 10 6 34 7 14 23 8 76 39 112 145 166 84 98 4 11 16 25 9 25 23 18 15 31
151 "Female" "8" 13 3 "Grant-White" 22 23 9 18 40 4 16 28 11 101 77 105 184 163 85 96 8 5 14 15 10 25 14 29 11 28
152 "Male" "8" 14 7 "Pasteur" 39 27 18 21 50 12 23 28 25 118 83 125 216 159 92 104 15 11 11 57 20 36 40 27 15 41
153 "Female" "8" 12 12 "Grant-White" 29 24 12 8 32 10 17 31 15 106 80 124 133 200 98 111 11 13 23 60 15 28 17 27 17 19
154 "Female" "8" 12 -2 "Pasteur" 28 24 12 21 35 11 17 30 15 114 84 107 195 188 85 112 7 7 10 22 14 18 24 29 15 32
155 "Male" "8" 14 9 "Pasteur" 32 23 13 24 60 11 18 29 18 120 85 105 214 168 92 109 8 13 15 29 20 25 27 26 17 33
156 "Male" "8" 13 0 "Grant-White" 21 25 11 18 21 0 7 15 2 43 65 95 198 152 91 99 5 -2 11 5 12 8 18 19 15 30
157 "Male" "8" 14 4 "Grant-White" 33 19 15 25 48 15 19 28 21 59 63 108 151 167 70 103 1 4 20 21 18 36 19 27 15 38
158 "Male" "8" 13 0 "Pasteur" 27 23 15 27 51 16 22 32 16 75 74 85 200 167 83 105 3 6 15 15 17 13 18 23 16 40
159 "Male" "8" 13 3 "Grant-White" 35 21 15 10 36 8 17 26 12 69 48 123 175 178 92 95 10 12 12 -1 11 25 15 23 17 39
160 "Male" "8" 13 4 "Grant-White" 21 25 14 23 30 5 12 20 13 96 30 108 138 137 71 82 -1 7 14 11 10 22 11 25 16 35
161 "Male" "8" 15 -2 "Pasteur" 28 27 14 34 62 9 22 31 15 112 77 125 247 172 91 112 13 12 11 30 17 39 22 29 13 46
162 "Male" "7" 14 7 "Pasteur" 42 22 20 23 60 12 19 27 25 102 64 119 211 169 79 97 8 12 14 29 13 31 27 22 20 44
163 "Male" "8" 14 10 "Grant-White" 34 26 13 22 62 18 27 33 20 99 77 109 247 166 96 102 6 7 10 62 15 23 20 26 18 34
164 "Male" "8" 13 5 "Grant-White" 35 25 17 22 61 14 30 40 28 100 58 138 196 185 89 114 9 5 18 50 16 35 26 30 16 51
165 "Female" "8" 13 3 "Grant-White" 19 19 13 11 38 7 14 28 2 89 69 85 117 184 82 98 4 12 11 4 4 3 -2 22 12 23
166 "Male" "8" 14 4 "Grant-White" 33 28 20 25 67 14 27 34 34 103 86 144 290 190 98 106 21 9 16 51 15 36 28 31 20 45
167 "Male" "7" 12 3 "Pasteur" 31 26 17 14 45 5 13 16 14 82 50 102 137 169 90 102 15 8 7 11 11 20 15 21 19 31
168 "Male" "8" 15 4 "Pasteur" 31 19 11 14 47 8 15 23 14 129 64 105 152 175 79 94 5 18 10 18 9 32 14 18 14 37
169 "Female" "7" 11 8 "Pasteur" 38 24 15 18 45 11 18 27 24 124 95 137 207 178 95 107 17 12 16 34 9 26 13 25 18 30
170 "Male" "8" 13 3 "Grant-White" 25 12 13 -1 45 6 17 22 4 98 41 83 141 171 85 103 3 8 13 16 7 24 3 24 13 24
171 "Female" "8" 14 7 "Pasteur" 34 32 16 21 40 10 16 25 10 96 99 139 183 178 96 109 12 7 9 -6 10 26 24 15 14 41
172 "Female" "8" 13 4 "Pasteur" 30 20 11 6 32 8 14 26 12 90 89 89 254 184 93 95 10 8 11 17 12 16 10 24 18 27
173 "Male" "8" 14 2 "Grant-White" 38 25 17 21 57 9 20 26 14 99 82 126 237 168 91 103 12 13 16 57 13 34 16 27 22 38
174 "Female" "7" 13 1 "Pasteur" 29 33 16 20 30 15 14 19 20 105 74 107 154 178 85 114 6 4 14 19 20 34 28 27 13 25
175 "Male" "8" 12 4 "Grant-White" 34 25 19 29 45 12 18 35 26 51 58 69 146 177 96 103 11 8 15 33 12 39 20 22 17 55
176 "Male" "8" 15 4 "Grant-White" 25 21 12 13 17 6 13 18 8 115 67 125 215 161 85 106 17 11 16 26 12 12 0 27 13 38
177 "Female" "8" 12 2 "Pasteur" 8 20 8 -2 13 6 8 19 0 114 64 98 143 163 71 89 4 4 11 11 4 6 -3 19 9 13
178 "Male" "8" 13 5 "Pasteur" 17 20 14 14 51 7 16 25 13 161 97 116 206 163 82 104 8 4 13 19 15 16 22 23 11 27
179 "Male" "8" 14 8 "Grant-White" 25 26 10 30 48 11 24 34 21 69 44 115 165 193 112 110 10 12 14 46 13 27 25 27 19 24
180 "Female" "7" 13 6 "Pasteur" 25 25 10 7 19 5 7 14 1 78 64 96 146 173 82 96 6 8 15 23 11 29 14 22 12 26
181 "Female" "8" 13 1 "Grant-White" 21 20 12 21 28 8 18 32 8 66 80 99 201 180 91 106 9 7 15 9 7 32 11 21 14 34
182 "Male" "8" 14 2 "Grant-White" 35 29 16 28 61 11 15 34 8 71 39 112 166 162 85 93 -7 -1 12 31 6 34 22 24 24 40
183 "Female" "8" 12 10 "Grant-White" 33 31 13 33 44 9 25 37 16 124 81 117 228 181 82 107 13 12 22 50 13 41 31 39 22 50
184 "Male" "8" 12 11 "Grant-White" 37 23 18 17 45 11 18 26 28 111 69 102 155 203 98 102 4 15 14 44 16 26 18 24 11 42
185 "Male" "8" 14 1 "Pasteur" 25 23 11 27 48 13 19 32 22 137 89 126 247 178 91 109 6 13 15 26 18 33 20 27 15 55
186 "Female" "8" 11 9 "Pasteur" 31 23 16 23 60 10 21 31 26 98 81 118 199 180 93 111 8 7 11 43 13 39 23 25 21 31
187 "Male" "8" 12 3 "Grant-White" 26 25 12 19 53 15 20 35 16 78 58 100 132 176 82 86 2 13 11 29 10 23 17 21 14 30
188 "Male" "8" 12 8 "Grant-White" 27 31 16 5 50 8 14 26 17 108 69 79 157 177 86 111 11 8 14 47 16 21 21 24 14 22
189 "Male" "8" 13 1 "Grant-White" 35 33 19 17 47 15 27 26 26 99 76 97 194 170 83 95 5 9 17 26 16 24 13 23 16 39
190 "Female" "8" 13 2 "Grant-White" 26 27 12 14 44 9 19 32 19 59 72 108 142 166 82 104 13 10 19 25 13 29 23 21 18 33
191 "Female" "8" 14 1 "Pasteur" 32 14 12 19 44 6 14 27 13 117 81 127 209 161 86 106 9 12 12 12 15 35 20 21 13 35
192 "Female" "8" 13 -1 "Pasteur" 42 26 13 26 49 12 21 27 18 138 93 149 248 183 89 107 17 15 21 45 15 35 26 28 14 38
193 "Female" "8" 11 10 "Pasteur" 19 13 11 11 21 7 13 24 5 102 48 88 147 182 88 93 10 8 5 14 21 6 13 28 14 33
194 "Male" "8" 13 3 "Grant-White" 21 25 14 1 38 6 15 22 11 51 56 92 173 187 88 100 7 1 14 20 13 27 15 29 17 21
195 "Male" "8" 13 1 "Pasteur" 34 23 18 33 52 13 18 33 21 108 82 129 169 169 96 107 4 14 17 36 18 37 26 27 19 36
196 "Female" "8" 11 5 "Pasteur" 28 31 12 16 36 12 16 27 17 73 84 103 140 194 101 117 18 18 17 31 13 46 14 24 18 40
197 "Male" "8" 12 7 "Grant-White" 36 31 15 4 47 11 13 16 13 86 55 94 197 161 93 109 4 1 7 42 16 29 26 25 15 33
198 "Female" "8" 14 4 "Pasteur" 12 22 8 14 24 0 6 15 3 93 71 107 196 167 100 91 11 10 14 -20 6 9 2 19 14 17
199 "Male" "7" 13 4 "Grant-White" 21 20 10 12 37 5 11 19 16 61 31 68 106 162 85 108 -2 4 10 18 10 22 10 21 12 26
200 "Female" "8" 12 10 "Grant-White" 27 22 14 22 40 12 20 23 16 108 58 126 210 180 84 101 13 8 13 8 14 27 14 27 14 48
201 "Male" "8" 14 12 "Grant-White" 34 33 17 32 55 12 24 33 25 72 72 125 180 171 93 109 4 8 10 49 17 37 21 34 19 53
202 "Male" "8" 12 10 "Grant-White" 25 26 12 20 40 10 21 31 18 97 64 99 218 172 96 96 7 12 13 9 16 26 15 26 15 32
203 "Male" "8" 13 2 "Grant-White" 16 20 10 6 37 11 16 24 13 113 68 95 204 198 92 102 5 4 12 5 16 16 4 27 9 32
204 "Male" "8" 14 4 "Grant-White" 37 16 17 18 54 11 20 32 23 178 120 182 281 175 90 103 12 13 18 68 24 45 31 40 15 44
205 "Male" "8" 14 6 "Pasteur" 45 33 17 30 43 9 15 30 27 87 81 125 232 180 101 121 16 15 20 70 20 39 32 25 20 43
206 "Female" "7" 13 3 "Pasteur" 38 18 17 15 34 12 16 29 15 126 77 138 225 186 103 106 14 12 16 20 15 19 24 27 20 34
207 "Male" "8" 14 5 "Pasteur" 16 22 12 10 50 8 21 24 15 84 37 114 190 175 93 92 6 9 2 57 14 27 20 21 16 40
208 "Female" "8" 14 2 "Grant-White" 23 16 16 11 35 9 11 18 9 48 79 96 202 181 80 114 6 5 12 7 11 21 2 20 14 38
209 "Female" "8" 14 1 "Grant-White" 24 22 14 4 33 4 11 23 8 47 70 90 163 183 87 101 4 10 13 43 9 13 6 25 13 25
210 "Female" "7" 13 3 "Pasteur" 13 9 11 -12 29 3 14 12 2 85 61 93 163 158 81 78 9 2 6 2 4 12 -11 15 11 23
211 "Female" "8" 14 -4 "Grant-White" 31 24 15 14 42 9 16 25 17 72 70 89 168 168 95 108 6 12 18 30 10 35 15 26 17 25
212 "Male" "7" 13 4 "Pasteur" 28 19 19 13 24 8 8 13 1 85 48 106 138 173 95 101 10 5 13 28 17 23 8 19 19 45
213 "Female" "8" 11 9 "Grant-White" 20 28 12 13 49 14 21 36 24 115 61 89 160 172 81 89 13 8 20 58 16 24 29 31 21 33
214 "Female" "8" 15 -3 "Grant-White" 31 23 17 22 41 13 14 22 21 112 90 118 139 171 83 99 11 18 27 25 15 28 17 27 18 31
215 "Female" "8" 12 8 "Grant-White" 36 28 11 32 45 16 20 25 20 81 99 102 192 213 99 111 13 14 15 39 13 36 18 31 18 54
216 "Male" "8" 14 3 "Pasteur" 33 21 13 32 49 8 12 30 18 78 49 111 209 159 77 93 6 8 13 10 12 29 11 20 18 38
217 "Male" "8" 12 3 "Grant-White" 40 28 13 30 42 12 17 25 20 55 62 91 152 191 97 111 2 11 14 48 11 21 31 24 19 24
218 "Male" "8" 13 4 "Grant-White" 39 37 14 37 41 9 14 35 19 100 95 142 202 177 99 111 3 16 15 64 19 42 17 25 16 53
219 "Male" "8" 14 5 "Grant-White" 32 26 13 9 36 7 17 22 13 68 50 102 189 167 87 100 6 2 8 13 11 16 8 21 18 36
220 "Female" "7" 14 4 "Pasteur" 24 17 12 16 33 5 17 28 10 90 72 102 190 171 91 96 8 5 16 -3 9 11 7 22 13 11
221 "Male" "8" 13 6 "Grant-White" 21 19 12 9 36 12 15 20 10 99 73 104 168 175 89 102 10 14 9 15 10 9 3 19 10 33
222 "Male" "8" 13 6 "Grant-White" 36 31 15 30 44 13 15 28 11 112 85 137 227 177 115 107 10 19 19 31 17 16 25 25 13 30
223 "Male" "8" 14 4 "Grant-White" 13 24 8 0 40 10 17 24 13 34 51 86 105 162 91 96 4 3 7 -2 4 16 12 21 16 20
224 "Male" "8" 13 9 "Grant-White" 29 23 15 17 51 12 16 32 14 90 82 122 226 188 97 106 2 8 15 38 13 16 32 27 18 28
225 "Female" "8" 13 8 "Grant-White" 24 21 14 11 35 6 10 27 1 113 79 122 225 173 85 102 4 6 21 -17 13 25 9 26 21 23
226 "Female" "8" 14 3 "Grant-White" 19 31 13 12 25 7 13 26 13 80 54 96 194 157 77 110 1 -1 12 16 9 25 8 17 19 37
227 "Female" "8" 12 4 "Grant-White" 28 21 10 14 33 10 16 31 9 124 92 142 237 192 106 93 16 15 17 48 14 34 26 23 16 28
228 "Male" "8" 13 4 "Grant-White" 25 34 16 16 30 10 12 28 17 92 49 107 202 166 85 100 2 3 11 32 14 33 26 19 20 36
229 "Male" "8" 12 6 "Grant-White" 23 20 9 4 38 7 15 15 8 123 65 88 107 167 75 83 8 9 11 19 5 11 4 28 9 19
230 "Male" "7" 14 4 "Pasteur" 9 18 11 20 29 4 11 14 3 78 61 88 142 175 86 87 5 4 13 18 11 14 14 15 12 18
231 "Male" "8" 15 4 "Grant-White" 36 26 14 19 40 5 12 25 11 100 47 118 224 156 90 106 7 11 19 19 16 30 21 27 16 42
232 "Female" "8" 13 -7 "Grant-White" 23 22 11 13 44 12 20 27 26 97 48 119 148 177 90 124 8 11 16 67 15 35 27 31 14 41
233 "Male" "8" 12 7 "Grant-White" 38 26 15 19 53 12 22 32 11 84 68 94 186 180 94 97 -6 15 22 33 12 29 22 24 20 29
234 "Female" "8" 13 5 "Grant-White" 43 33 18 33 56 17 25 42 32 131 93 128 223 191 87 112 7 1 22 41 23 42 37 34 20 49
235 "Male" "8" 12 4 "Grant-White" 11 21 12 7 22 1 12 25 11 53 27 91 148 177 90 89 11 8 16 23 3 20 13 23 18 39
236 "Male" "8" 12 2 "Grant-White" 32 19 13 11 33 5 16 24 3 109 68 115 207 183 91 116 0 3 7 1 16 28 13 28 13 30
237 "Female" "8" 12 11 "Grant-White" 25 25 10 12 43 14 19 35 18 103 65 122 188 181 82 97 6 10 20 56 18 21 19 25 16 30
238 "Male" "7" 12 4 "Grant-White" 16 21 13 21 30 5 13 19 14 64 53 90 164 169 88 83 3 2 8 9 7 23 6 19 12 34
239 "Female" "8" 12 2 "Grant-White" 18 24 15 12 52 12 19 30 29 140 58 130 152 187 92 112 15 5 13 36 15 25 28 30 13 45
240 "Female" "8" 12 6 "Grant-White" 33 22 13 14 48 11 22 30 21 142 86 96 228 192 89 109 18 12 22 26 17 44 41 33 17 37
241 "Female" "7" 13 3 "Pasteur" 21 21 14 12 22 9 13 21 10 104 52 83 193 172 84 94 12 3 12 7 16 21 3 17 10 35
242 "Female" "8" 11 7 "Grant-White" 29 21 12 24 35 12 20 27 8 85 69 123 202 174 95 108 3 9 18 34 19 32 25 27 17 42
243 "Female" "7" 12 7 "Pasteur" 19 23 10 14 29 10 17 17 17 69 33 82 133 167 77 96 1 -4 7 5 11 14 13 19 12 26
244 "Male" "8" 12 10 "Grant-White" 30 26 16 18 62 8 23 33 22 73 73 122 179 174 86 89 -2 6 16 36 17 30 27 26 17 37
245 "Female" "7" 11 15 "Grant-White" 34 23 14 11 23 6 10 20 8 93 66 120 169 196 89 103 15 12 17 15 12 33 16 29 12 33
246 "Female" "7" 10 9 "Pasteur" 17 23 13 6 43 7 18 24 9 115 81 107 198 163 71 93 2 4 14 31 19 21 20 25 12 28
247 "Male" "8" 13 5 "Pasteur" 29 16 17 30 33 10 16 26 14 116 67 151 198 192 96 114 17 6 16 47 19 17 19 27 16 47
248 "Female" "8" 13 5 "Grant-White" 35 38 18 35 62 14 28 32 27 80 71 118 192 197 93 109 17 13 17 34 13 44 30 17 20 45
249 "Female" "7" 13 8 "Pasteur" 22 17 12 3 26 10 20 20 17 130 69 121 181 167 105 101 17 13 15 33 13 25 24 23 14 40
250 "Male" "8" 14 2 "Grant-White" 27 30 13 8 34 8 13 23 11 107 74 129 198 168 82 95 0 10 16 39 15 39 24 20 14 33
251 "Male" "8" 13 8 "Grant-White" 23 24 10 13 29 6 11 15 12 75 64 99 178 172 92 97 0 0 14 13 16 34 10 23 13 26
252 "Female" "8" 14 5 "Grant-White" 22 25 15 -2 45 12 18 23 15 134 51 127 154 181 93 92 9 9 10 10 16 7 22 29 18 30
253 "Female" "8" 13 8 "Pasteur" 38 28 16 22 36 9 21 25 13 118 98 109 210 203 107 109 16 10 17 51 15 34 23 28 18 50
254 "Male" "8" 11 9 "Grant-White" 21 24 9 10 36 10 15 22 14 65 23 91 123 172 70 89 4 2 11 20 7 22 27 20 16 29
255 "Female" "8" 12 9 "Pasteur" 39 25 16 37 52 10 18 31 22 146 75 174 244 196 98 113 15 14 17 56 28 38 49 27 20 42
256 "Male" "8" 11 6 "Pasteur" 35 23 14 30 49 9 14 29 9 75 29 88 121 168 84 100 -7 1 6 44 14 20 21 15 13 43
257 "Male" "8" 14 9 "Grant-White" 28 22 18 18 34 6 16 26 14 107 67 100 228 183 90 105 13 4 18 47 16 23 18 32 19 44
258 "Male" "8" 13 3 "Grant-White" 32 27 18 25 51 9 24 34 20 107 67 117 230 191 96 103 7 13 18 31 17 38 24 31 18 39
259 "Female" "8" 13 5 "Grant-White" 28 22 11 5 47 11 16 30 18 102 59 120 205 190 98 104 8 7 16 15 13 18 10 27 14 27
260 "Female" "7" 11 8 "Pasteur" 40 22 11 14 48 20 29 34 37 60 71 102 208 155 82 99 4 11 13 48 12 30 20 29 14 38
261 "Female" "8" 13 5 "Pasteur" 24 18 15 19 33 8 16 21 5 145 79 118 206 157 77 95 4 12 12 21 13 22 2 22 12 37
262 "Female" "8" 14 3 "Grant-White" 23 24 16 8 27 6 8 17 0 47 31 86 163 176 86 86 -1 1 12 23 8 5 3 21 18 29
263 "Female" "7" 15 5 "Pasteur" 33 16 17 22 33 10 17 25 7 74 65 108 222 162 91 87 1 2 14 37 11 22 12 16 14 41
264 "Male" "8" 15 3 "Grant-White" 39 22 21 22 41 13 20 29 20 95 49 87 198 156 93 112 10 9 13 20 12 28 26 26 15 39
265 "Female" "8" 12 6 "Pasteur" 24 22 17 32 17 6 11 20 4 98 64 98 137 184 102 110 5 6 15 19 11 26 8 23 15 27
266 "Female" "8" 13 9 "Pasteur" 37 16 14 18 49 15 26 29 28 87 95 85 171 163 91 97 7 8 15 41 19 32 16 25 14 35
267 "Male" "8" 12 9 "Pasteur" 22 34 12 11 44 8 16 23 10 100 57 114 197 169 88 102 10 6 13 31 19 25 14 19 14 25
268 "Female" "8" 13 12 "Pasteur" 34 25 16 24 31 7 13 25 10 131 68 148 236 189 110 128 18 22 21 45 20 31 39 34 20 38
269 "Female" "7" 13 8 "Pasteur" 35 32 13 29 36 9 21 33 20 55 76 123 247 164 94 110 2 8 12 47 17 37 30 24 17 46
270 "Male" "8" 15 8 "Grant-White" 8 15 14 6 27 1 10 18 2 100 51 99 200 173 95 94 6 15 11 -2 10 13 8 20 10 27
271 "Female" "8" 12 6 "Grant-White" 35 25 9 15 43 11 21 32 19 59 60 125 182 172 77 110 5 6 16 48 12 40 29 28 17 44
272 "Female" "8" 12 12 "Grant-White" 31 20 12 16 27 9 14 25 10 73 67 77 177 173 88 103 10 7 16 13 3 19 13 18 16 26
273 "Female" "8" 12 7 "Pasteur" 31 19 12 26 42 10 19 30 13 99 72 107 177 194 95 108 15 10 14 31 12 26 20 29 20 30
274 "Male" "8" 13 3 "Grant-White" 28 24 14 25 54 11 22 34 17 84 53 102 129 164 79 104 0 5 14 65 16 31 31 27 19 35
275 "Female" "8" 12 5 "Grant-White" 29 26 15 -2 39 8 19 24 16 46 69 133 203 175 83 96 7 8 17 26 10 20 12 24 19 32
276 "Male" "8" 13 6 "Grant-White" 39 25 17 28 56 8 24 35 18 78 60 97 170 173 90 117 9 9 17 47 20 41 28 24 18 45
277 "Male" "8" 11 6 "Grant-White" 41 22 15 24 55 15 21 28 16 98 79 128 211 178 92 108 0 14 7 39 15 39 27 30 23 38
278 "Male" "8" 15 5 "Grant-White" 19 32 18 2 41 8 23 31 14 100 63 129 172 165 90 102 2 13 19 72 20 24 7 26 14 47
279 "Female" "7" 12 6 "Pasteur" 29 18 13 22 34 11 16 17 15 128 88 108 217 178 86 89 21 12 15 6 11 34 11 22 12 24
280 "Female" "8" 11 12 "Grant-White" 24 20 14 8 46 11 20 25 16 102 64 98 170 165 90 100 4 2 18 13 17 24 27 22 15 21
281 "Female" "8" 13 15 "Grant-White" 27 29 19 22 72 15 24 33 31 133 75 125 186 175 78 99 11 9 22 29 25 39 36 29 22 26
282 "Male" "8" 13 7 "Grant-White" 35 26 19 17 38 12 18 22 18 100 74 122 190 198 96 117 9 17 13 47 16 37 23 31 17 42
283 "Male" "8" 13 5 "Pasteur" 24 20 11 4 30 4 16 20 8 71 47 96 119 181 103 94 10 12 22 60 13 28 16 22 16 14
284 "Male" "8" 14 4 "Pasteur" 29 29 15 24 25 7 16 30 10 70 69 128 196 189 95 106 7 12 13 40 25 27 13 28 18 32
285 "Male" "8" 15 2 "Grant-White" 26 19 18 6 41 10 13 25 14 124 78 118 180 182 87 92 9 13 10 37 15 25 12 26 15 37
286 "Male" "8" 14 5 "Pasteur" 28 20 17 21 26 5 15 25 20 106 71 146 198 154 84 100 11 5 7 14 16 19 18 22 14 47
287 "Female" "8" 15 -3 "Pasteur" 28 24 18 27 51 12 23 35 21 135 93 136 195 176 71 99 14 10 16 21 18 24 6 27 15 38
288 "Female" "8" 12 4 "Grant-White" 22 23 12 17 48 16 26 31 28 75 63 96 177 175 93 104 9 3 17 33 15 27 27 23 14 33
289 "Male" "8" 14 8 "Pasteur" 39 29 15 31 46 9 18 31 18 112 82 135 230 172 94 101 9 12 17 71 21 33 18 26 20 50
290 "Female" "7" 13 4 "Pasteur" 28 25 16 9 42 12 18 25 18 118 79 106 228 175 89 93 5 -1 9 -3 19 23 10 24 12 34
291 "Male" "8" 14 7 "Grant-White" 25 23 15 10 28 6 15 24 13 70 74 130 203 165 86 105 4 15 20 31 16 24 4 19 14 39
292 "Male" "8" 12 3 "Pasteur" 43 31 18 17 65 13 21 29 19 120 87 153 276 176 93 99 8 10 11 23 16 19 26 29 22 35
293 "Female" "7" 12 -1 "Pasteur" 21 33 10 18 26 11 19 25 20 80 63 99 136 184 82 99 9 10 9 1 9 12 17 17 12 25
294 "Female" "8" 14 4 "Pasteur" 42 23 13 7 59 12 25 28 19 126 78 126 182 170 81 103 2 10 10 45 15 27 22 36 15 36
295 "Female" "8" 12 -3 "Pasteur" 28 26 16 28 54 15 24 36 23 91 88 122 206 176 80 113 4 17 18 50 17 30 15 28 23 45
296 "Male" "8" 12 11 "Pasteur" 34 33 10 15 40 7 15 28 15 106 52 97 214 163 83 109 5 5 13 31 15 22 20 27 15 43
297 "Male" "8" 13 11 "Grant-White" 38 36 12 16 25 7 15 22 10 84 59 129 257 176 106 109 6 12 12 43 12 20 24 23 15 38
298 "Male" "8" 15 1 "Pasteur" 31 23 17 20 39 8 14 27 11 106 56 115 195 161 91 100 5 12 12 7 12 20 8 19 12 45
299 "Female" "8" 14 2 "Grant-White" 25 21 16 7 40 8 12 21 9 79 51 97 131 196 105 104 6 3 8 38 16 7 10 15 14 32
300 "Female" "8" 11 7 "Grant-White" 30 25 19 7 40 11 16 29 13 86 60 100 142 179 90 100 0 2 8 -3 10 26 16 21 7 26
301 "Male" "8" 12 9 "Grant-White" 26 22 12 14 36 4 13 26 8 60 56 66 177 174 101 104 5 14 16 39 14 7 13 31 16 37
