# This is simulated data from Onyx
x1	x2	x3	x4	x5	x6
0.14882724139303322	0.26662742101077663	6.6486873010266585	13.483402698476262	22.63667995330377	40.85049278442683
-0.35753246450508425	-0.7688353197278661	-2.3887757448471323	-3.2357632202585025	-1.7213306623574658	0.47311091357092394
0.8645638794687815	4.1558015899349705	7.301127826484098	11.395150055174781	15.640295772200208	21.340295551051796
-0.22505999670526167	2.107665293322592	6.166626279620166	13.645213615410697	26.731337377327357	50.28491565856269
-3.269872278903099	-4.1269764210774245	-4.680631766289128	-5.725920221574211	-4.5113147476045485	-8.398671415719553
1.002032242254205	-0.06511918010885509	-3.85554503925378	-8.37501380423079	-16.60191397895149	-28.544882936823385
-2.425814933226239	-1.2743430790820223	-0.6372427488167696	0.995781230975775	4.218678243777079	13.217787603662174
0.7096982000806984	0.7597329432832621	0.5861941272919653	-1.0584616712113935	-5.8793400528020525	-13.666551567625758
2.165576469730966	3.0386349401751365	5.353965097059532	8.413230580040508	11.435112352160939	12.571914728889489
3.4415630060573394	7.42625863507525	10.753458355628792	13.839522184696758	21.80108949477488	36.90363439132707
0.5032268757494135	2.529378845109644	5.025845271064411	10.16847208859603	18.14834403711998	27.11838646130272
2.218569954400312	3.4391214648071315	3.87421201512137	5.018847276533689	5.289225078316525	5.855129122812533
0.6035087965136667	1.566159535801072	5.017986934102604	9.30397134477954	17.35764570867618	29.381224900937973
1.483145889627399	0.37182349808111215	0.4199530400997755	0.349733092522305	-0.8651202339382893	-3.282275040935808
-1.1050169539315393	0.7643636399352547	0.8941087889752148	2.5449228953761454	6.092519813203268	9.781811642516017
0.31040873331002317	0.1865837194014548	1.3958096219527412	2.1078400846128815	2.0496297189373314	0.40388343059281695
-0.26462711186715904	-1.7950140539208026	-2.7808118961282977	-9.702873787705872	-16.3366321659872	-25.497528557009915
1.1465379020922675	3.120299625107426	4.200142118237883	4.658520269218755	2.198047442595935	-4.292953152064943
1.4875178133623481	4.07698507434649	4.9935726339122795	6.240628311847113	5.846401960782074	6.311644177282467
0.10265434211118146	0.23246267952235966	5.090160275059027	9.69162513834728	15.367051848294825	24.320940987166544
-0.8541097630263133	-0.5223259261692603	-2.62467034395538	-8.447682609822511	-16.265353465008033	-30.695331895056384
1.5882438262451941	7.873095862907668	11.234905664264678	19.210398780236453	30.832025355505145	46.13022750707346
-0.17801201963220348	-1.73428620987249	-0.036033713233636355	1.22989936782295	6.114765614057966	13.282670098680239
-1.6299711076151566	-1.6877680602406522	1.4704276348435874	5.379614231339143	9.316200519228062	17.269184750818606
0.35395884124392696	3.170900818073197	7.610194443435018	15.30398439072966	27.400481191874782	40.56574688915472
1.7173071818622714	2.29518187919155	2.2680709981888905	3.1130352648635697	5.589902115595453	5.758425872768211
-1.2140504043694265	-2.160975119948519	-6.789799450466214	-12.425915856528032	-24.497913506758717	-48.24974669641458
0.8058238041639512	0.8694030208912353	1.9062565861523586	2.9639054010452854	5.26152965980795	10.457275014774916
1.0549140141895972	3.2507230724890923	5.3937359899354345	8.599056193325826	15.320512914015872	23.62025055819239
1.6528565555242216	0.9594202207188034	-2.093945088670041	-8.33035931921507	-17.75573361043482	-26.673732996359952
-0.27093269853586555	0.8429121700983102	3.3232952595018745	8.41742587766663	15.614316565189945	30.177929400038536
1.0477358417725053	0.17082366249085523	-0.9973719196037929	-4.259663515427394	-12.581397263626783	-27.39443458348191
-0.47800735163623065	-0.6746840012968609	0.717503129016936	0.5185990197424415	-1.069433125743891	-6.2969077530537785
-1.9234978198061738	-1.3236255773537104	-0.9623611519202329	-4.302841319152743	-12.057614104905038	-30.69348006022092
-1.8076828237131815	0.31203249959280965	3.342640095505438	5.3640131415172565	8.942848103826709	14.31747459347063
1.0549808885492769	1.4421438955945933	0.7034079622740899	-0.9868403250811326	-1.277960006193779	-3.97459314412024
-0.2670446379472837	-2.4804519916730308	-1.2245629656215993	-2.1352193370577517	-2.117926864466896	-1.9813286607756382
-0.7138050846205084	2.2085652027761395	9.095164890866151	19.17320169713185	35.16494891788923	59.212424394805886
-0.2908111384977873	-0.9110280689150216	0.4984492805775256	0.008329806531356176	-1.9329921119572164	-10.038480587414623
1.0657739875032468	-0.819109083501854	-2.4794748099618014	-5.9451647712185585	-12.778235792932929	-26.634718119774142
0.8154643505719282	2.1411599810847104	4.751023882061467	6.753473334339598	10.305593821279096	13.12573543436104
-1.64102165315445	-0.47978379535943527	1.2162157280290566	4.762255602466029	9.92400751818876	20.735602780295686
-0.24902434191331224	-0.4736456813578196	0.011231667941599799	4.44143715261078	11.828437868439412	20.42676992500219
-1.3240090409916412	0.45572162180739073	4.318274041357499	7.569155589790453	15.346788913895246	19.55762557027328
-0.10336814716012865	1.8616255382305704	1.1655533669504428	2.07932989439381	6.4519328663292015	12.300732333455231
4.297593987679884	7.513191785439586	12.178125361560275	15.019968769057073	23.860177812993904	39.04304376381948
-0.7003993430705082	-0.8231276360038038	-1.5741189578507946	1.7560949231565068	7.896889640268316	22.183283918720548
-0.44336398559285317	2.3203803850723115	4.841883366678761	8.582406018262402	15.69166159227024	22.45876543614741
-0.39530485086973566	-0.8158829133058325	0.7316714954063501	2.6296138239131714	6.424056857502494	13.526197741824749
2.104223952946494	2.031254402192357	0.36160247872895956	0.4672442425061658	4.462708792280008	12.21925111050837
-0.009868203715258983	-1.233885824233485	-0.9363726080473089	-3.680344664148371	-6.225994691460028	-16.377249564035345
2.3800347129828006	2.5623561628604468	3.870190809826961	5.803871027648272	11.91834854335951	21.13066775456578
1.2616823311178444	1.8365254083777742	3.834375202471307	5.331509212550416	9.406558131732265	7.267181065204284
1.3708964615431753	5.732430986824227	8.106220294740055	12.394045102847507	19.013345077446665	26.372567486500984
-1.6310113019805605	-1.819499078917326	0.17935700229342277	0.5225082038383597	-1.160965599367441	-5.773087384789816
0.4785562447058634	1.0244472639805262	-2.1605702679230543	-3.5547270375454882	-8.79447272623564	-19.84498845273057
0.5367518727826643	-2.0839141348770034	-6.267724556084302	-8.305806596215898	-10.565634741586404	-11.150835357344969
-1.4401164316437438	0.0688135433555781	1.2801470061560396	2.9106469383013622	7.923984838380006	10.091359318200539
1.0072749449413445	3.2488308768160046	6.5450907215996	9.237975553342658	8.68994971991346	0.05913993979847554
2.6393529636813367	5.22979987706073	11.525948971091696	19.790459083827404	29.78717999839256	49.83444801252624
2.2676329816829632	3.1143129888789627	4.648831944327403	12.214919746133075	23.480948063341437	41.77755095925719
2.276225881345849	3.8723038944881063	3.4098220699887953	3.8083344778204786	5.837535424459162	13.264232041574793
0.28671767348218147	1.687745643424417	5.220192785415392	6.545213375964495	12.921776993640412	22.997433510539246
2.548067851738328	4.520284373335217	6.831321569997793	11.947778468845812	21.50412930932231	34.66647830602538
0.5195464497218046	-1.1307936225378352	-5.375063250709516	-8.815569303535487	-18.205505985741038	-34.247263853799076
3.350937670580651	4.356677766448051	6.938250277325581	13.047957628311874	23.86043501326548	42.94917472408636
2.440237857164461	6.934507170082712	14.63418299988869	31.308777252101713	57.12263957640919	100.9845511116947
1.0747138936803884	0.47397566205020847	3.5016570117120547	9.791366709078055	18.999335236374762	35.62906261248815
0.5361261673209293	-0.4110028275581925	0.34155629811562216	1.5244330512600208	2.8022137723298988	2.5123033421721477
1.7671842652027347	2.7814689666501966	5.331095120443114	6.301285690590447	7.092301646579393	4.169462165875119
0.16962393351600463	0.1852985324352321	0.9177173241821766	3.6706466668308075	5.673891388476473	4.447108437039153
-2.292296907071652	-3.073999974731097	-2.6143560908775942	-1.9441545657852624	2.539642929597547	10.427456414350186
0.17157363467857484	0.8620663435765923	3.453041901963291	3.1174812216561696	4.870624811819458	4.185868547971581
1.6096505149948006	5.263827709668491	6.1355758821585855	13.257007410774396	26.176499918132446	51.54867709429729
0.7717230335764211	0.7046049513579622	3.6192922719502687	9.427213983545489	16.215571870588704	31.250996698750953
-1.093700554522575	-0.025680368569488854	1.9214691689170438	5.696580218901333	14.695160867572636	26.95539230588929
1.5797556229427558	3.7490811889061866	2.7109485231767065	4.448137685040674	5.130541544768106	8.246660115068007
2.0862192874611947	1.971779662125062	4.773093166037198	3.4348014133417513	-1.3163277454280502	-17.510510313644026
0.2719432598502689	2.3242519418216805	8.744605946033841	16.07082641107434	29.200342887649803	48.15315593858911
2.249865260670348	4.752855762505994	7.922760798719505	10.780880494857985	15.83737459171157	27.330858878015135
3.2967561374255427	4.908069798847908	5.016249914581046	5.178906910527362	6.32924727797416	2.4667684818767857
2.4612564407947097	2.293908974031257	-0.8817803052004995	-4.2464635433733	-12.43967706860444	-26.404769640704828
-1.9794754856895276	0.48926279746626467	3.934932932017869	9.348493439087239	19.76285078979701	43.3766706931103
0.397324975898917	1.7649633283771635	0.6428070519033806	3.5360897580971646	7.12420866832188	17.7482206544311
0.0878285966379056	1.5666840127937256	2.4233182612228816	4.922108324969459	7.29549046528745	10.735153631487666
-2.209306407722588	-1.6929376190311571	0.21266402084014446	5.286930823723327	13.293915055404785	27.572898516390723
-1.3987007089510106	0.6928708832673767	2.6719415134690943	7.667810956750911	17.180983835768725	33.639800902238854
0.09845157506761226	1.6588291872837682	4.033850530954167	5.754740047094597	5.6067124421577255	6.1431664493250935
-0.32255688598539123	0.4896627914524523	1.7573531035492256	6.310272695280721	12.51037229300753	25.061038533902895
0.7322828150104137	0.06810647895475563	-1.1130558076873536	-0.4773992937269069	0.9634033626803973	6.513794960912099
-0.9918866106394884	-1.014205575637476	-3.9389700197515527	-9.442364280610366	-19.020339937784776	-36.56048433732892
0.30102202107749554	1.3963057206694867	1.7304685907572863	5.400372940166312	10.782601113636364	23.01472899698411
1.7907106639312727	5.975569157495709	10.116105556171409	14.661116485822397	23.53098678696303	30.826702237564632
-2.1077244248820484	-1.6153951712368997	-0.056754189934712596	2.8134539541447072	6.991356432057638	14.692252204259555
1.4990624597579827	-0.1201020477286705	3.3604949095045944	4.686954634024831	3.1935285377466878	0.911073527754608
0.7200663783613015	4.2622784607125235	10.23680624573103	17.775497513331718	29.26546784934463	43.83958997629367
-0.47840139439868623	3.1017321212383098	2.2098497724263755	0.9595084989289338	-1.4102655352765323	-5.771788544204982
0.9837598245348755	5.464920200689697	11.683109896483778	19.948299452678274	32.05869806290897	49.98012780454558
1.2840519402444879	3.852032348746211	8.60498193944741	17.807821354762723	30.590176341559406	50.81811535167842
-0.9881120066627147	0.40684136870975784	3.6767009658470444	6.853673480064677	9.922088761535399	15.363177079264705
-0.8312292528919514	-2.2862867061936236	-3.2318524808803666	-6.63328424894874	-15.7349836912352	-38.41130258077313
-0.22506939005822746	-0.8058371229757717	-1.5616261235375113	-4.0669843086480695	-7.751327602108707	-17.311564335979718
1.767659885559954	3.4248437821373248	6.88837369981902	8.096227062400407	10.319839991513438	16.922088069333633
2.0081070931390492	4.5682894251321535	11.065634386018411	18.202640978879717	30.057333944490168	50.949525330668465
0.171936388747025	5.49816359403826	10.412721628124675	19.59015480487571	29.45966614444916	41.55756318964594
2.12048080966108	3.948462786977571	7.452929670794342	14.272269526737311	26.512396632521433	44.36880036116873
1.1858152590097486	2.946544011596028	4.513219623704862	6.972757936044035	12.346425995224035	20.545270577752397
0.350750713991658	2.2373592444291566	3.9111210359298814	6.335235430103027	12.637461870301717	17.986790667307424
1.963850887513625	5.026593427096666	8.56010518895594	15.88293851202484	26.074641590994133	42.73534591815591
0.9238873356303081	-0.8476606790538779	-4.619467382221481	-9.59362786127857	-19.81688843821141	-36.896685885254776
0.48022237470380097	1.9032771375910282	1.7367471848041556	5.386280627011535	10.86383117513741	20.926488464763686
-0.024042028056995735	-0.2428623567957382	3.229388946320466	8.857550304926129	15.99022061232688	28.516009014320545
-1.2776803559666814	0.5787747773181502	4.610682564790594	8.538811798254713	13.429549363664385	20.856209078280376
0.16286418574437944	-1.318650998817664	-0.23052503001174118	-0.8536511457571336	-1.263589459433553	-3.9087130007787536
-2.1507269289838638	-3.578563605112316	-7.914187621976909	-12.423126698792196	-23.008022696248318	-37.36097999099194
-1.2410854710348556	-0.41263735957024084	-1.593830287622609	-0.3327820479935433	-1.911428783408252	-1.91957048309982
1.215755558947254	2.331656492754509	4.532217514019138	6.457151610447888	13.143390888943125	25.861596559219855
-0.1511651992492551	0.9882307107841595	1.8602794746281563	3.1757232122820236	5.631487303833005	3.1120612203891156
0.18329226612625404	0.03002176339180407	1.9396556215183278	7.03198824726298	12.657527385933143	28.61133543786545
1.5086619269989534	3.2916958667980634	3.6891057902362547	5.223954132562564	6.242978061106532	5.493107858817832
-0.6808737982072797	-2.2612579351319684	-3.2790014366420683	-4.918209415645708	-8.698533256557198	-13.839004254444147
0.9354015321628828	1.5186989747106938	0.12971148249916808	-4.216593325254645	-9.140426170677848	-17.21173811344606
-0.5564767300766837	-2.1344729443839605	-2.9221922272424736	-4.605878560104956	-11.327100104871011	-23.101638313650277
1.0074055467428042	2.8075496690546116	3.563007312904797	5.788621738550695	7.983117493480538	8.86078605025613
-1.6079463409141392	-1.8497921902516579	-1.2387878654843245	2.107919839107656	5.578486339528118	13.646316605942587
-1.473214313529818	-2.1465349244200698	-1.9838535569646627	0.2880314057937925	3.4168492675408584	10.7677828228505
0.5058331695454611	-3.2675528334248463	-10.339091671561414	-22.83490647227425	-42.31584413038832	-82.88101336605175
-0.1775741703805107	-1.5817126301137705	-4.098345623447324	-6.986737419706983	-11.637422344251625	-21.270738375361887
-2.320465060258733	-3.563895892991986	-2.6347335026479444	-0.7429502463924065	3.904283597173905	13.606743446529487
-0.6990538323637643	2.10447078035261	4.123756068934364	7.459985888440279	9.296713201771876	9.233791172284294
0.2667330602608172	2.5152861425013935	7.009228694232631	16.04269953835613	32.22334380065134	66.53604288693421
-1.8990172081955015	-0.22174635798487485	-2.4441538035029957	-4.045086298054298	-7.036042496011576	-19.653103337024817
1.0430383643991719	3.447179342327412	9.098059183505459	16.362554355380365	23.341557180384196	32.069319839022164
0.38042635141088765	4.3620243837406125	8.280705374402004	18.197786541995864	33.107444543153825	58.440163963206224
0.46300024600679357	2.9519904819479095	10.896639203104328	19.24385440143308	31.807559287086384	50.735410828244355
-1.8560564376616489	-3.441188698613036	-7.020553571814327	-10.541532682179316	-16.376594413044927	-26.381423283178627
-1.8332513448182524	-1.1701269111485808	-0.5152735690883876	1.907704835182678	1.9955397549761935	5.335356131504331
1.7906861211468772	3.5685073019564744	8.991602034508583	18.064252267249064	31.240267663911332	54.15111067422653
1.1047858970473703	3.4247006867594134	7.5455460533037115	13.79940855294744	24.639080731269328	38.85624521263056
-0.11891865846766148	1.0396793166606622	1.0316786617674902	-0.41024192688179273	-0.6112610478800979	-4.936728148873305
0.5080635646264847	-2.601032460651067	-6.840693003674227	-13.429105564879677	-24.349619549900144	-41.55629543411225
0.3856146596807406	3.429159699310769	5.066869467426612	8.407673543111484	10.53012868868782	9.886814601143602
0.7194629029227595	0.8244672356181333	3.475383341273946	8.168432996368551	14.096287826244986	28.779897215617225
1.1700283512872	5.5966103127241915	11.4757594489059	21.898872868251672	35.179871470942345	57.258288119435
-0.34766703425163925	-0.766554275393311	-1.421391699804544	-1.5416136110228171	-1.0118293680810106	2.6869341770364583
-0.0925385199650004	-0.5486690931160689	0.6988634834230085	3.657019689243487	5.187280290335828	6.408032342947082
-1.2594443169121723	3.7006788766981296	9.863967879476524	20.2484376719892	32.19159030421065	44.77783565401484
1.6099368441622357	3.463179721454016	5.602550816032523	11.024725662489582	13.768016285858703	21.39704824415669
3.170850123919415	5.972035789486744	8.663976472284617	11.989972914950375	17.78736532532838	25.446423348102066
1.3022673937864306	3.38571006370018	4.890591327079718	6.042440088928335	7.988259539851098	13.999736171768443
0.1871766511280018	0.9818826686190485	5.379889598747662	15.220935974275449	28.73372572055921	49.24651728869183
1.5005414769282126	3.1029935003091307	2.286802928338193	-0.9824995762797686	-4.925856385097419	-9.637924140830249
1.2373869473943588	2.188567091708487	4.514824839351151	10.851135491304099	20.39757784790643	36.87161966017395
0.9904732574895754	1.819834460856278	7.9652427648055655	11.738856236383473	21.292933276602703	31.63546604734759
0.31686050814046757	0.5590335397149442	5.456782457954651	13.915887940325682	25.528581885007775	46.456239616945204
0.1786088162720848	-3.037999016213521	-10.72440233613487	-20.01114068149828	-35.382196335370736	-55.41628841474137
-0.06081625093588794	-0.11611704297720271	-2.0436720235669235	-0.5616318072001958	-0.29724140880832817	2.534191234056525
-1.052800854864381	-1.7004710437774326	-0.9893988117642194	1.0643984514656712	5.349495540187281	17.65191900282287
2.688443933879851	4.433122372799513	7.9902235810318905	12.388729707692566	19.259603153684772	28.250686863152175
-0.6049537392537832	1.3378388461483424	6.845640827158696	15.361921176829966	26.517687097537976	45.41069221934881
1.9415273581901193	5.267673061591941	8.732090117077384	15.598451705500121	24.254106421546094	37.22442172265172
-2.105455542039514	-2.8058812981164016	-2.4315073633727042	-0.27507891648838	4.514636445653689	16.798158052721355
1.644181720804444	4.547517813630515	3.8915277232739482	3.8836444944579656	3.207202648855146	-2.423960033750939
0.779934800349553	4.958836549652505	10.511230297851228	17.110753040819038	20.477579140957616	30.749100633477987
-1.5620816916431197	0.09409707288610103	2.5924128761317595	4.765807525111092	8.905265927691431	12.73716623247626
-0.5094836805597776	-3.253581447082994	-5.616970053898251	-8.284463172895059	-15.56909266349168	-28.906664518077065
1.488165803164894	3.022992933846476	4.881771496750913	5.644924042189775	7.908772978966908	8.957237088548403
-0.03356780845159901	0.46867728119646124	3.0993756379543917	8.625007193059648	18.65487076293403	31.81616378881612
3.4238302308207498	4.7089202848002465	6.406593787949534	8.936250298365472	12.351820968162926	14.521873970349647
0.13757093243062551	-1.1317269695907033	-2.606285176394903	-6.514776561452545	-10.81342458127859	-23.61170114925082
0.7519829018701528	0.8244348433904078	0.26399965604030795	-2.460670303828638	-4.898796654725458	-6.042567859974797
-1.462588960090856	-0.7523978738446222	-0.6647254529592219	-1.1686871140082067	0.6325764029358965	7.6227109322884985
0.8098201310707325	-0.8186198260592237	-3.394170811080553	-9.174365188423941	-14.730671181836613	-26.218455430823177
-1.542600702850979	0.8793497820770568	7.4999527873979295	15.332342416275718	29.97154821432252	54.495481435208404
2.53585101769283	5.134351966665637	9.71094751859953	16.988886967485797	28.78856230667386	51.206753971672164
0.165023183151627	0.41075145240180055	0.5105840018365639	1.0684692182432713	4.596545549065629	12.487463528750816
-1.9455233094003885	-2.727864543777731	-4.25262593554037	-7.548494175105183	-10.344594247256456	-17.503913747704637
1.2572642281008184	2.181050780505262	5.845932325391769	7.970328194296236	12.997391785587103	22.03205797219406
0.5989749410030117	1.0658549859992503	1.2197108738482534	1.6019797090942496	2.850124663795797	6.1523673640031245
-0.7859350334727138	-0.7091231921585726	-2.200335276264404	-4.78474272340608	-10.13345384477244	-26.77210736631813
-0.9901027314315975	0.037810162706157335	5.161837361172896	13.78095191855294	29.066097741041432	57.2143228755387
-0.9087965086416183	-1.703436264685759	0.4323914588351143	5.8786976441355785	15.148812043771962	33.46391129335566
0.05988349123101383	0.7199600097632474	-2.4968923455108225	-7.093146394931421	-15.172064820885112	-32.61092710750128
1.3959481128107956	3.2634208650876095	4.846000329172677	8.08791264213689	11.54981884121013	18.90419230214726
2.803515896623441	5.2172244824906375	6.656731189965805	6.86348455470305	10.513314437219345	14.186379398322945
-0.9718634509693407	-1.0987415901308046	2.2409165357666536	8.226017226166533	17.837497646431228	33.04979839625115
0.6030848750147482	1.1065498849813051	3.8794033652439426	6.279942282356689	8.030330282600051	11.175455523553609
-1.11713995721259	-3.440099270478599	-3.31990197162186	-4.153642066961525	-9.780266037472451	-20.56248673270163
1.5661742486501073	1.0805464827856162	3.001340626133956	5.145794129826729	5.6718523179995515	5.5952225044365465
1.3217426363139704	0.3597606361521597	-2.166180505253136	-4.049431530954261	-12.28560953800105	-21.793280731092835
0.35071262455155705	1.488021902253342	3.183159881870884	4.988152786841789	3.5500524064840944	0.49800150276000643
-1.686983917576229	-2.480953209323831	-3.2440900536187387	-6.313808116848059	-9.854784074996331	-12.96886271849264
-1.2008031165964486	-2.2193960629460125	-3.598459892347689	-4.9313769454279575	-13.777409343721168	-21.46668376428748
2.762300034150932	5.210243059478344	8.745823113881798	15.537609593190126	23.47353102421718	31.240645021691584
-0.2107438130540974	1.6148659639706517	0.9111131210219676	-0.5866732170070685	-2.9861610654376074	-9.351891089245408
0.405168022038524	0.31875896538469806	0.032313300705818726	2.922634408443543	8.355483591570561	14.993523189322282
-0.26196993894314247	-0.14729438524101335	2.48136675159731	4.8939982419353605	3.559898323041964	-0.3331336286313924
0.5827053410800647	1.630111769473011	-0.34173859827900355	-1.0097368874351487	-4.028601319492549	-6.330858830603139
4.1483106041087705	6.7431540826989345	12.361737188906751	17.40644006765582	24.3695988916564	37.73421449957457
-0.6950301689396836	0.37327214113544516	-0.6511048964856396	0.3296226813973462	-3.396676282666024	-10.513374058058803
1.1338896403895866	0.7111165427057208	4.191320293989886	8.837087055843057	15.151335312326015	21.023329503151835
0.7942150417439808	0.879766369269358	4.375107920385769	9.45085932674808	19.260215671078843	27.90286632969945
-0.0703370191942424	1.0163175455527267	1.2674134895773406	1.0697058472737004	-2.221851597638815	-11.442599763832133
0.06636759033196316	-0.204011312316994	-2.334053815038417	-9.655140082617947	-25.86676000664123	-59.63514693844665
1.867277450426475	2.9935041130765665	3.054254514992908	2.7263667109387195	2.773872146873299	1.1855147936134784
-1.4364035655042318	-0.18313852486484872	1.9059985936441433	3.543650110049379	3.531935146250912	2.2080141999394325
1.6031734577127215	2.284946499043034	2.7495100765695235	4.985712313871294	6.521926350898834	8.825360024718403
-0.4556076507993456	-1.1136793449794067	-1.104553760760961	-1.6907324022028458	1.138899458678691	5.217507882415291
-1.9830061617802195	0.7297712892816057	3.032991658287388	5.9795140350531915	9.888411634264852	17.236592393794005
-0.3782096183924609	-0.06972956022837384	3.2707834938045672	5.71991878865896	5.44100820251953	1.9259998632120219
1.1552565481952155	-0.11572151027820876	-1.622123199070641	-2.039612075245463	-3.865768464683579	-5.882724467104184
1.8623198691018041	3.1059744758496803	7.578154059042907	12.069725140487124	21.403579501605005	38.44277740463241
-2.267476274679466	-2.2878158515430576	-5.110864168381143	-11.01976194791959	-19.64253048918234	-34.87621432085769
1.257766503519667	0.3064157257905158	-2.011534384934559	-5.5586646468874745	-10.464504109622371	-22.713188901926955
0.8670655338719407	2.6943851768062386	3.900920381911698	5.4757972839434705	4.534712923904289	1.5787274815935746
3.530086018491134	6.0852623984739935	10.48373494175213	17.815033973636364	28.35644728129768	40.55718601733449
1.3563606004879376	0.3793757065932195	0.011361277912064871	-0.02797843276496348	1.9346580074781725	4.844217301289366
-0.7240923020984571	-2.247265932672559	-3.7590142312938086	-4.396152325129029	-3.2805961965554777	-5.772943830062944
0.26201566643190843	0.4880091365788908	2.3525898921488517	5.417657349498198	8.78689807937955	13.94456114603308
0.44281356785497733	4.68113289134406	11.755021051854515	24.991827643026618	46.010553362615276	80.62147197791279
2.4463735419412718	3.8039236606444202	4.142600946319713	5.998303936840822	5.804789310808146	0.04372115585701941
-0.40416439915251134	-2.412880810878068	-9.715605417406948	-15.53631304897602	-27.16583404236163	-41.85201109433455
1.7561581859434723	3.8644805296952045	4.34022581583405	4.622361388215708	7.210633569236282	8.619097960396875
-1.5163025242907473	-1.2083808717066638	-3.656968634256911	-7.50693285145283	-13.691761540879224	-27.104594513389202
-0.6080964015475603	-1.405546973892354	-4.5287257052312055	-8.435399329449751	-18.459541074459423	-36.30957742396643
1.1382968531408004	2.301217792956203	6.736005186020069	10.404039868247214	15.083187685704086	23.468095538265597
0.9417546501285059	2.2494043461494737	6.023968521548069	8.576980211206994	12.166958632024773	11.41317566136453
2.5922631744749673	4.406488390609244	9.551017868000635	12.706263014974098	16.639205493976412	22.658479500817208
1.567230283582592	4.963424257702716	7.674296507488089	9.89134585607719	10.822659515774308	15.72540280169263
0.1976733552422285	1.4975572020077867	1.7874050986609369	5.700556167373479	11.529047872672706	21.258265036416045
1.8318219182873599	2.4108268970528863	5.744999901448058	11.523326773036697	21.062746764827786	38.88276808205717
0.49449088664274493	2.452165484142481	4.36640017103496	9.4203832203215	15.306594164976818	25.95621506819802
-0.5662265565679967	1.0624601321325522	1.2646126920204457	3.7969446922816643	4.02912360123242	4.326856292247154
-1.3472209201738106	0.37037595578244553	2.6829801906998436	6.1847131044427135	11.481868848230604	19.70655463938268
1.012666349594805	-3.0842988441643757	-4.61757585902868	-7.619411845960154	-8.9139135019632	-5.832521556635323
0.6119612626764898	1.8551479906048822	3.2063812228548967	4.827918997910583	9.320462383108406	18.71881467890715
0.40544780502906996	3.464906824644968	4.697179887857256	7.622131703063385	9.112000076314018	8.505108904934719
1.4504259193179982	4.767626231961723	7.89444855640405	13.651875134000289	22.68387703683356	38.739067820409964
-1.056433996430227	3.855376278383283	6.847639150030778	13.21070591455507	20.644816270381376	35.82621133917506
0.20266686045219523	1.9055439943046828	3.406328692659772	4.6174708325026455	6.168066741983804	9.374708483855521
0.033386431996138666	7.791355524763274	18.236033116395397	33.67023183396396	57.18784735077278	95.21832111061327
0.9620621651679355	1.4003812398054556	1.8381729144393926	0.03003429060111351	-1.9592088100633314	-8.720535281866033
3.1413166902001035	6.354453849759453	10.300032752646729	13.698383874913752	16.99754293475581	17.267690197792497
1.0673738363640815	1.4496914458314198	4.4133859177861625	8.18993614493963	12.046407792098611	16.56421176757467
-0.7338652459968107	-1.8791291784784359	-2.379778969683617	-3.963110283040577	-5.449587970621509	-5.190601912871548
0.7094601681379346	0.3668240898326133	-2.5418854021020785	-7.369729292915012	-13.23453703137022	-21.943112206474822
1.162774618085872	1.9538585151495416	2.66611654484133	4.0624702437769145	4.970572717373081	7.602218127583414
0.5310011989478299	0.34632359855322625	1.4957101776915047	7.7137435947463695	16.80681876238272	35.109353808922116
-1.7365425345478047	-3.388123818638959	-5.219165988367939	-8.015156573625287	-17.805146687737253	-36.851560972587606
-1.915721207394491	-0.31299783867326836	0.41398503144053667	1.6973907510614534	3.4931764886332886	5.695697484218504
-1.6116759284650612	-3.304415184681534	-4.341695473032708	-8.369608487936315	-14.013865507504693	-27.93252001490429
-1.530297387914071	-4.009360147313959	-6.9505075275695205	-11.18490073913867	-20.591101597502867	-34.01991566624093
2.551793986664555	5.5591339710266165	11.930203167174293	20.479463366424376	34.96713911577939	47.841985043717365
-3.3925071414545145	-3.735949358797002	-3.7548099987797396	-6.848934907062904	-12.867173781658309	-28.648146038102418
-0.6141158700869569	0.14384059264034965	0.12013458861890447	2.311485086642818	3.9879752020067873	7.757468448077237
-2.1876782035327795	-3.593718584013476	-7.214199220235795	-9.935576314978949	-16.332167252264366	-19.27886811494605
1.398480503205498	1.8101491856614738	-0.3561147448851969	-4.193493673733692	-11.211309926977883	-25.15570724449178
-0.5180278989664602	-2.9944258885505657	-7.432035343530613	-17.034767095622716	-31.95361579680933	-56.967959062870364
0.9269889301907156	0.45523342705354464	-0.23545521883778298	-1.422139558313967	-5.388040092191223	-16.513772367823776
-1.513655293938906	-0.31038050660144134	1.0862005299417443	0.5264127570839969	1.7394092425215746	4.323929384003966
0.32896138014227533	2.32521356834451	3.022520111201405	3.7597854363618657	4.681379910903091	5.632721722570667
1.0479540438885246	3.9329196771514843	8.643253004711813	15.119719217620403	25.968535342741752	39.82228802786553
-0.3204229554005067	0.16032749486429054	1.6477022265903023	1.5670021921818238	3.678171641360554	8.046192084151953
2.1454992517093743	0.42247004605792515	-0.5660609592317178	0.8990219138898845	0.8134991955549564	-2.0003723553600796
0.883332244734472	-0.551908942626846	-3.4237014954235754	-8.807945022024644	-17.47345158077689	-31.01337986248349
-0.1637458665710706	2.5001691720311903	6.815512563520699	12.520583636466121	21.637255561357257	32.44460003216891
-0.731637150918155	-1.2181761704681349	-2.8941167205581184	-3.6955407253879526	-4.3290844351284195	-4.884462651250203
0.8371166313992047	5.57391412688923	15.513173603471532	30.18689735965033	50.87330434126283	82.29675826881521
-1.3033145934209833	-2.652694387060952	-0.6994773979042637	2.8335747025642912	6.946565544722354	13.447525841766033
0.42173479662948754	0.751257618371362	0.6909471137992209	2.952353984424529	6.02812745640845	8.678464833969509
1.965806072844211	4.886665807629537	7.321733710701714	11.017873262369008	15.708298367595123	22.8165674932114
-0.2098320692838347	2.2652425333642023	3.2474724100581547	5.461037997717546	8.46585889322151	14.080004959652907
1.158416048984049	5.270137342424907	9.531515115086908	16.64579625119356	27.67479116903815	42.95229391557658
-2.093304488594507	0.0381299910445656	2.3451766359980804	5.04907657368174	10.583892996812876	19.86119669250354
-0.6571684039153824	2.242255523644524	4.74662782904792	8.547676893874488	12.65701910923772	13.628571222267777
-1.6845391871945723	-3.619389766547355	-3.3043308206300672	-2.955928924687445	-4.499999981379811	-5.136728884672888
0.7976073040039362	5.02863850429104	12.19015182559225	23.211877668476497	44.38359058329221	74.98688723928191
0.3978882935957461	-1.6106006633634466	-3.6412490415724514	-8.216191659245787	-15.991820895298613	-27.84214168520323
-1.2138189358023992	-2.6537659420702027	-8.111415010380396	-18.217652316620345	-33.11205071076335	-57.755118818699685
0.33069995402394925	-0.5650374138560594	-2.9426894748243884	-5.095457276730019	-12.45190416107718	-26.8577340543221
-1.9716701008131539	-2.61571016390582	-5.846190796348191	-10.639058221279768	-16.908231533597196	-29.449600397240147
0.603972334530823	3.568150227058057	2.977858634805263	4.81915027104818	4.892625154999477	-3.844055228382759
2.516162352517131	3.3077960645774778	3.9008330131209945	2.613004883398765	1.8131077032792104	-6.2212345471124575
-1.420572143750079	-1.1790380684505437	-0.9336035680877108	-3.3768708023861533	-6.5757379202235695	-16.836540668679483
-3.125585158072495	-3.112036838259493	-4.553293774767737	-6.884451976854712	-7.95998931062335	-9.557268851898867
3.6551634168117704	5.722068843644207	11.013421646212453	18.68247525078767	27.894875277715936	39.68472441246199
1.307068090120665	-2.0786414531368123	-3.6447992418864814	-7.893052315599049	-9.303029047147305	-11.402735829426542
1.8511877362831644	4.705946489402221	5.234879364284503	10.992647946243194	20.65513188520791	37.62109971368277
1.3746603321697686	2.3365030961540816	3.463823577708906	5.166396892335123	4.509420911182328	6.279517192957766
0.2875205095394163	1.410863778864043	-0.19735906109841173	0.13852244686776682	-0.7522938389027525	-3.7617687859080196
2.989400784354748	2.8797237714182398	4.198491700191354	4.1487932389342035	4.232082144279637	7.533611329321662
0.40366862188161434	-0.5080880816844933	-0.8454411536063873	-4.346808718560156	-11.72563298978103	-22.673047532899332
-0.5474843647518504	-2.276986447870114	-4.314374118364997	-4.506385331457014	-7.082408244848533	-7.340394159407731
0.10874329082003387	1.5150501788597208	3.475386459302297	2.2833196531218456	0.6170644694675582	-3.6871461034303916
1.7193265161049103	2.7948219933487186	6.360864781939693	10.37439031124632	20.16581779256681	38.70682814158718
0.50700965406623	3.560295424974616	5.870204460348871	14.85353545953788	30.048328725122346	58.00422451465111
2.4366768874663203	5.1258675730771905	7.693329503515379	13.173235051604046	22.489033814160468	37.08709099249525
0.9806874112614119	3.5325321293028646	5.107389567973618	6.911424261035362	8.704481543659046	0.4927756164057868
0.30878651205133617	1.436735693870386	1.3722662374244545	-0.9389009818686569	-4.2618034454468985	-15.432296219380286
2.5751467190183663	0.5571246552257181	-2.8183513272391565	-9.628395672044878	-21.345042558645435	-41.80856390128826
-1.1344626340901358	-1.2606112502785112	-0.928467883635991	1.0865644287727956	3.2857424991114974	6.728824684273043
0.9309900141564358	2.321835519884252	1.5948958100942316	-0.11785123710117595	-3.4483654094810214	-9.820371073575236
-0.7586827982292288	1.305341574992849	5.879424991629724	11.923354446964462	21.031137838024904	37.85612176377509
-1.7475414873536605	-3.4282010328891457	-1.4758004310734574	-0.17260239595710392	0.4582263953764203	-6.564894395817342
1.002959720869577	3.5539680831350737	5.063712408915741	8.421025981475399	13.404417808745013	23.474342626140988
0.01131384183585843	1.7022946477930176	4.353317236367946	6.841414649031014	7.847862590150454	12.361292788788173
0.9410131452589596	1.012292446314353	2.8646864337839575	8.783175738438473	17.15893729961682	30.040197780358525
-0.32253904663870736	0.7759377550710169	5.279957664619719	8.25003003390618	15.45867904726935	24.975210524857495
1.5371066712769996	6.044542787612244	9.746837649955618	18.398109079872153	33.61609998426866	58.89122480621087
0.1172721620294157	-2.0160480867759976	-3.5363198252244166	-5.472775636785241	-3.9686588767746303	5.5115314636425445
1.6452568856031722	3.1990746732953648	7.983106520960974	14.894982006410416	23.63970166368836	38.000925329853715
1.337668827828339	1.8114560355710247	2.7138601294555116	5.343144547627913	9.542090590213784	13.339106278249343
1.9306096651620395	0.6409059057328932	-1.949045832105499	-4.824480763069057	-8.711602696236103	-14.47736269019965
0.08004078220770278	-2.5680225163502546	-2.3034387723605185	-3.7206458633714865	-4.5279895734645	-9.085608578755506
0.4737133768316903	1.0778611089166965	3.2558685462317993	7.997732167826524	10.259677242403603	11.299493448235603
1.5958157525229695	2.244866644877575	5.861715830311917	12.518004131886723	22.069124706210573	44.95503294857033
0.6734139429756189	2.3147691992606005	2.970766905845454	1.1600537019716115	1.2822560403862635	-4.398479260021716
-0.11128459467575558	2.7248438574892604	4.059712091205386	4.8833517332045275	4.885542236533754	2.8646293727233534
-0.3705072849599319	-1.3090841378517326	-0.5928038938116424	-0.7697450867598228	-1.489498043321114	-2.2795896652958216
1.3744600711813724	3.8996069350506	9.937357869857003	14.76141780542488	20.01207412524685	21.353343689131954
1.4187953712656398	4.898897712657499	11.317006650243995	18.58722247979383	31.78755581937071	52.1863679749065
3.524038199974839	8.720149930627459	16.200209466915247	27.975853689494166	44.53843484794934	66.04302848180293
2.2728993791109637	3.0835966823124803	1.2208094679687087	-1.7195412514210693	-7.4647275244641405	-22.49410206594107
1.784935239785365	5.557182195041062	9.799797957842468	21.201785702001487	38.99249528046616	71.96735798539098
0.6621586547184416	1.9325012815403815	3.0204213532165003	6.631548778194076	11.095283675293746	18.732998953341664
0.21569636304245554	2.3090512098649634	6.514184228672802	13.789127622957434	23.8631689264373	38.43172182840255
1.1518533666643704	2.140760296140378	4.61736439018934	8.015419003289463	17.11971503206616	28.78488784506372
0.5221967657858482	0.7645829294562163	0.7876933287332903	4.666176063607738	6.641304161997627	6.288339628161712
-1.014984934114681	0.4995463960680535	2.5207882935535793	4.19433958823925	-0.4635359325495241	-12.74577906157196
0.6907147529744379	0.5346735921241839	-0.4492834926458684	-2.797659223850287	-6.847925254832584	-12.849001313091078
-0.5392150593077962	2.8136244082417363	6.8491520603137905	8.465427580702102	14.008936810383736	19.0136708685622
-0.637287157507169	-0.4527164908097825	0.12396267179039011	1.0865951577901534	1.4437776625009686	0.9306817369951315
1.0820632070302312	2.021838983884952	5.704050187524503	9.455297256816227	15.841252702055098	27.575682386311932
4.732956809366942	5.160839123671559	5.154680938273928	3.9879794217509534	1.708926015643014	-8.061177893854845
1.5766301457061151	4.9569149100385985	5.514783123328618	7.0546191500983335	8.77086907811309	1.945090990851238
1.33322549643104	4.003206716794686	9.041976211184318	12.88390867699491	21.97456832074406	34.40896756493549
1.0978419424706805	0.4568446573707221	0.932089199864977	5.107108228937917	9.793358610716432	17.76665135091013
0.627261274188673	0.25943347993556687	-1.6587272940321993	-3.902107623478014	-10.073029729131022	-25.549512058976703
-1.833921894923864	1.412474031344031	5.128035628304067	11.40682674009675	25.6899999505643	43.799341279191566
0.6473672849497611	-0.2444859754652049	-0.01867031443413092	-1.226251454068331	-6.126906946917663	-14.559638937477297
2.6127903682472313	3.6327432158804505	7.38317829726941	11.000177744414302	18.589528206688424	28.00536358571707
-0.6180080528110772	-2.7704157803314486	-5.9630220116627175	-7.683192264011438	-9.700981841099463	-20.12183348762278
3.2274240832947436	5.250659955069935	4.261475223919982	9.280746882643715	20.079898976482994	38.73587467253463
0.2749898260137773	2.7209951022416594	3.665077820437907	9.060774929127444	15.867230576411284	30.435703794907482
-1.8358290203835828	-1.4087892999242313	-3.600432996628096	-5.708194030160908	-7.704989470237437	-11.793898807548677
-1.129547555599489	0.4980386706229947	0.9493085611198633	0.9086255902835516	-2.153536384950919	-6.479765064208367
-1.2432812896284913	0.7021775556780494	-1.6817459507098214	-6.01122410456905	-13.845651628015116	-32.91242651606381
1.1807327927410938	0.6438528631778578	-0.4806345787401347	-1.7509555079441128	-3.4466826644808863	-1.353120557881267
-1.285595712958851	0.12341351234276021	1.619264252153526	0.8258094444736388	3.778779566152112	9.382127751667495
0.8886262958020191	-1.5479334702460563	-0.9721793233249909	-1.428404264384806	-4.681036667143068	-11.476123470514034
1.1538146060279315	2.3960141796405345	5.866831314722525	6.166791204375819	8.208173272761405	12.699000599092434
-1.3591624747855637	0.40969224084126843	3.1934108368411853	12.487694163036107	29.84127544360469	63.31791358318585
-0.7425080290047463	-1.3472520092613696	3.4522416176452975	10.924299529540061	20.775526287151273	34.823582262169104
-3.500158831853012	-3.716807364852159	-2.644898735929438	0.7732826876175336	7.479865271008006	17.670839751568863
2.5325550467923827	3.2173406465012393	3.6157366744177115	1.6260465749670066	-7.524077285705521	-19.077726669444637
0.019268091097672968	-2.2277056711314263	-2.6796141393573727	-6.687530270924504	-15.009754893215476	-27.044820066040593
2.692140433328545	6.450533878883483	7.746725847885904	12.288182539118699	18.733240390095613	29.870355684271033
1.3125733407998141	2.057892757122869	4.167174904934287	11.788943755741652	20.35843745828235	33.85632762302599
-0.9621044896091262	-2.5076341045924675	-2.593165147530814	-2.6647537029170243	0.7771235549149607	7.194794561570057
1.0777236974717401	2.119312640531345	3.2104895109261555	6.558189217756672	8.79577431843055	12.3043848965135
1.6946866175279705	1.4613314039670688	1.8641576836994087	-0.018532638863667295	-1.4674372590962177	-3.102443071912999
0.6142036263790803	0.9052858190665867	3.176661470525909	4.615122151656282	3.6420924772576537	1.879593828408602
1.729610333619295	4.867305070570902	9.38671272951311	18.095559034813665	31.880962722497443	55.98157560688828
-2.978452512154453	-3.806645128245918	-8.945561447178223	-16.487987185202677	-29.484345607958133	-57.33558342719569
1.6996787381132614	0.5985671159132673	2.6130341057576083	3.8929611559116184	3.7948718994051047	4.633611496752702
0.1935376552129422	-0.5102570062246543	0.3844275326380364	0.5345178568091788	3.6621993887085726	11.442105030508602
-0.8310256801219575	1.0476459201197232	2.5766008639308007	5.250618172591612	11.514719090809688	19.062560941946984
0.3764059296107658	1.0594870845116084	3.1468092693036125	4.162562935379717	1.0782025902050778	-4.172067225086664
0.8708376174830785	2.7717669277024726	7.491452138580692	12.072802983608405	18.212888010825978	26.503290983434628
4.192889036762777	4.969796873242286	2.451134331858026	-1.1294335634973125	-5.427669211294515	-9.474896896626985
1.6540046258313277	2.813941487092844	3.956798341011023	5.371669184876771	8.607998781125877	14.296774311839357
0.1683849796330883	0.30632193613167447	1.3895899525447195	3.509700622294713	6.165380955291507	10.93769172671693
1.0473658069536118	-1.1416402445973448	-3.5630960768624256	-9.02112487833509	-15.955884906624508	-23.47260477679241
0.23676429082436573	1.2952254107992878	5.016374653839487	9.415930693225256	16.100261549421827	25.70636157647855
-0.42230120985693165	-0.2303399595890845	-0.4057594301568459	-2.5094609161356773	-6.086099972291859	-10.896243495938732
-0.4852858319240534	1.7496142357323292	3.519449875161475	7.709772168318722	10.97005024530073	12.230361218246648
2.0205061874071437	4.802458638904909	9.685512493390199	15.232855295100105	22.985971776950883	36.48842449280963
2.7627888142148525	4.892419928047523	8.11213815810174	12.226216527613689	17.846723414474386	21.34978778723772
-1.2971909216394542	-2.6590145424694387	-2.699627270187259	-3.9398725378828194	-4.9820646484769275	-4.055624789390528
-0.7091565798004522	0.33246914892801605	2.1750004969341683	9.451625699477347	19.226485844095944	34.990882453518815
-0.8092464058643845	0.9224872768854897	1.1059087386009274	3.052288166141668	4.5746645567473045	1.8443385191332435
1.3280009752659327	1.9927050647888955	1.158203849737541	-0.47021034816796714	-3.8560158623109997	-6.346692071193337
0.6850291917449853	5.7724259029725005	12.08990863223348	21.420071479701054	39.00147716660478	65.23132688970156
-0.48257436342167814	3.220440392731361	7.92246895240562	14.380117998511036	27.999137851910444	51.62123335868201
-0.5809996110319218	1.9633032154386076	-0.2990420897861732	0.471466933838919	1.267472697432252	4.999961363386066
1.7689163805360557	5.501477670906803	9.792746978764733	14.869130988918819	24.746120676516977	39.28047527101945
-0.17108992273622736	2.02669353594628	5.012019159374338	4.670960034959794	5.214048579788871	4.676157660395525
0.16108561828595452	0.15188951698403197	2.1383451127692346	4.115643746775929	1.7488085359274956	-3.3101162392767147
1.9195737699147581	4.0385872922324495	5.6159323947863	10.402804880021353	18.965962014474528	31.35025105141772
-0.8870468962605706	-1.0172277271269623	0.69325497568994	5.07687268973441	8.12656382105119	16.03274544674727
2.408239905325303	5.119578557742572	9.374671709680158	14.445532683500371	24.263641291027064	38.49476905306608
2.2836061377466024	4.279215948037448	6.503630515040975	10.40196728017653	14.534664508992176	17.51481043297381
2.437903565347126	2.990679495360572	0.24434212393836097	-6.601314683251515	-17.506146163131028	-36.722658955159204
-0.8905217480542824	-3.0469401483051013	-4.32433389539915	-4.960488728903921	-2.3935244352974285	0.3511468435627254
-1.5618526271358117	-2.1993830593141	-3.1466771171090118	-4.170629429457441	-5.23424846490905	-4.942648457329771
0.04537849912939956	2.693975882376956	1.255839668381781	4.604912973678369	12.404383815822786	31.546443989517208
1.0157983755905655	0.7098358868204095	1.998896656941114	2.0237609510235	1.6185126475378784	-0.0742891466038742
2.103024474663151	3.80099742906866	7.622525378734842	12.9186197305749	23.168904462111037	42.35885965654297
-0.2864898437997787	1.162815113480143	1.9386784461110524	-0.23295021438652252	-5.046833588390368	-15.419418800703939
2.058267079593392	5.0406047845133095	5.287629549455496	5.861577620194103	7.9098213502055055	12.117862749224622
1.9086953494463057	3.132291218993773	6.575026735159774	11.578430152946725	18.09720846073829	27.324223413863514
2.2130073831632537	3.6973735585283496	8.5184278590242	14.982615387004078	24.39202775519257	47.20371534948774
-0.29510228895152657	1.7292614432643585	5.150914743624394	11.460219639107923	20.190899777255243	33.70304125590425
2.3384058836198314	2.620405108156177	4.583244680352889	7.675644894330904	11.339707800404076	14.750270778728058
1.5473055272016794	4.4403569015937485	5.150614461855338	4.907049639293534	1.584810955489968	-11.713759555010478
0.20787636472178933	1.0942987703338283	4.329375685123933	10.754377127812907	17.649035766836136	28.708036400364435
1.6162049210583882	5.659766443232037	8.32724982525226	12.0035134436854	17.518260464370442	21.3954230222094
1.2746732260504983	2.595358731884328	7.659361138412855	15.599270212882178	27.76828713585961	47.70141575280915
1.846044449704747	5.709030210590754	11.019653738922228	19.265503704138634	28.91015333168595	40.118858729144755
3.9419592335290896	7.6996534049958765	17.001477640872658	27.766864499622656	45.8136177349794	71.40517643801293
4.0300074126401775	2.993946233297172	1.128112601037302	-3.636702125980313	-13.883511026434341	-31.663468374569874
1.0489209105473565	-1.5246138427988214	-4.18356100578103	-6.888700332854065	-12.193404290794234	-20.540350950878455
1.4610575379010635	5.872228589214657	12.201231045503222	20.945397657580095	31.296887193978552	43.48020612441571
2.18906176603825	3.5673198968044764	8.454857887604202	12.865583630091802	17.83375405616958	27.53720520447751
1.5670124862140113	2.648576444374224	6.681873681960789	15.552839454813473	29.654493869232574	54.59183597024571
0.2572020764710634	1.5267121001627908	2.335630482523087	2.6545658941693078	7.6973857146797	17.598988269940605
-1.6784783850072702	-3.5461486481738373	-4.687811903323384	-8.649944845647816	-14.900862349459892	-25.698679822877956
-0.7142157687683373	0.9608898770681542	-0.22228564637213388	2.3857194199765703	7.0146178860977635	14.891656764365212
-0.01422913403888626	-0.8641153030856001	-1.7515410462768264	-0.9498406783566633	-1.163522988299774	-2.0312477729364122
1.6486805782230414	3.2091794224699406	5.297394558415282	8.347248527857356	10.193779796366087	8.528593660721183
1.4705346984507144	4.323769560495844	9.726461468324061	16.979400339629063	25.405525730722804	38.447428459704625
1.26976446546864	0.5320013189594226	-0.7749830052468996	-0.037783502171474304	2.0794942864519035	9.201875133749105
-3.771305307330442	-8.088700685245579	-9.96731521815538	-13.182505753493608	-17.110155869788674	-26.60862948805159
-0.5721670314540548	0.30050156162558284	-0.34806247248009026	1.6864744147610011	7.639189714891732	21.838722433133967
-0.16199855673442332	1.1594555375013367	1.8451767268970272	5.514610787196933	10.957703132236192	20.449410363543997
0.6107809153214099	1.8311093246073784	5.873046179799262	11.230150154402288	17.563981409363123	27.78163497157753
-1.841381416029428	-3.99121005337178	-4.645082333679767	-3.1382455095324753	-0.4708057552467162	4.146702166022892
1.5071694449694215	1.844048135519622	2.444424685537871	3.2673820176728476	4.088196603674914	6.854854485091678
1.6478236248261322	4.120389997642121	9.683951909585726	16.549848529787923	25.847370175803896	39.90837618190261
-1.1649774301364104	0.0883087674068237	0.74741316463056	3.3789075364330827	10.085952403878895	19.238982291611357
0.19208696845123457	2.8632960483461325	7.0507578342807635	13.218502451202827	23.451481945514878	36.453925013972125
1.2685880524010436	1.052491884193307	0.8554948968082332	-0.32414880762483467	-1.5434348406604181	-7.636522626943426
0.264382823561395	1.7830337684878412	2.466839662891682	2.9339356078711654	2.510446649359321	5.6061167674402546
-0.7481588259288543	-1.2115796011165272	-1.0717524158780343	-1.944879150576993	-3.202132647270166	-9.831150711649839
0.28772310629878217	-0.47887470683148603	-3.281829906751799	-6.27978117931833	-13.715291529113728	-22.968010599174903
-0.55811893261383	0.17832741377863837	3.965517562303912	7.335998993827405	18.10521343809144	34.34839284583784
1.9132328613754983	1.033776205815505	1.57442566564249	3.521754636601791	6.7229591602395224	16.036120784940792
1.0198417009451832	4.709293270552804	8.041621665970224	11.31903041559523	16.82126949548903	24.603625872643253
0.938157001346741	2.357253575447822	5.164768023512442	6.917432752823263	8.739674774162033	12.257414294031213
-0.6371625140170571	0.7431670699233357	-0.5473553277133991	0.5765629740973308	1.1543992565820922	3.8815254359002314
-0.36844789351014096	-0.776229381038454	3.1164951986950475	8.356890447922893	18.698225638350756	37.85267994794951
-0.4838388806111671	0.19060199104735176	-2.157289789420105	-1.8748555675785177	-1.5942264739269527	3.870619252657028
0.8596109243920944	-0.5586671302818953	-2.5810854460955053	-4.370464784898542	-8.165671064062309	-9.128089141191127
2.281292218721352	2.8614171988189896	4.564356542636526	5.412681410945556	2.748462003251734	-7.427145290769646
1.58585751718941	2.8014702726332903	2.619174699621105	3.3984151179236606	4.416351541460063	0.31441471304855106
1.2263496466332802	5.82068929505901	13.94576550647303	24.594626861037092	41.439635924203756	62.60668289148297
-0.3443944491123917	-0.5911584398027707	-0.7582516164205848	1.3031488655424095	-1.2096898075355265	-5.303701402462428
1.0150729674008865	1.186040921776132	1.4398954163115227	-1.1112820197929834	-0.5632769118530323	-2.5782347952097275
0.5244158535983688	-0.7519928059946346	-1.6678508646859767	-3.7937095817551496	-3.4302702391176636	2.7436884602313993
1.5831189383319992	2.1597666910140494	0.050670790553859035	-3.8278454996273945	-7.703686265680926	-11.055150937064118
-0.5589956856540736	0.30908928674863434	2.8023813213711066	7.097189531329121	14.016104339090173	23.66246201459112
0.27803584849363855	1.1869007428725165	3.3175660621457252	4.292658259638977	2.4449858139017264	1.982967566419882
-1.7689930769538589	-2.538081649770425	-5.95961080651351	-14.283365547551647	-30.62603929005008	-56.0187664303827
-0.9124418813945925	-5.194530402215399	-8.312270215436538	-15.395418605246217	-22.960132885875026	-34.162311332597724
0.22841677746390587	-0.35356284950470585	0.6323154918852918	-0.06377292184173466	-2.1396439127185625	-5.791840036627102
0.009449799629684119	1.6243708114552864	5.326109827523975	11.387035085303705	24.55136046338476	51.646337122512534
0.9548672018190036	2.8681507047676122	4.23428245894096	7.323071251934291	6.855392481558791	6.0310931387725795
2.1132724030776737	3.497106825670679	4.481325205960099	3.774634495020414	1.9005910160324255	-5.8038631475419376
1.1533941987537724	0.5702062531764682	-0.09420593147016287	-2.917978520028444	-6.737131454035585	-17.812716585296236
-1.1150052228838867	-2.6187088098371456	-5.719470311257288	-12.120796620555048	-21.34678007430455	-35.91314654680002
-0.7195366375612526	1.031842923449105	2.9819801394413825	5.782319563950489	8.560888016640838	14.315799025057165
-1.2154859737013792	-1.1303767452324158	-0.14844973391628047	-0.234696593893017	-1.006756266664242	-5.606942656510702
1.4232109249785707	4.962563358298937	11.247649466227712	22.42555039665274	40.753414398301544	66.89619043008663
0.6757627896785493	2.620690905778539	4.714146854708542	9.182187655368793	16.368083897136756	33.079603917062805
-1.0629078354234716	-1.4565782279084143	0.20489269810918653	-0.3064819800010241	-4.057400820276331	-11.521574507888408
1.3191390732880444	3.864647555972737	8.682611362227542	17.589253647817117	31.372451850356388	51.25174304728371
1.6162066070691468	0.4007879811575179	-0.5002751654233477	-2.5104398248912627	-5.188705223455902	-6.209911347205752
1.9804411539395639	4.953092316805943	5.661697967453602	3.56200179264425	-2.8009232354674642	-20.301175120436
-2.8905025929169628	-2.561549981787257	-0.5983554023783171	5.538382469800721	11.799722395663494	22.21921463303704
-0.19770510529001306	0.6263029881641423	2.895831127130956	9.417038277838524	17.702061174905687	33.3504732393218
-2.083082887545399	1.5465519094297573	3.751661945994388	7.446838858552013	9.449548249943986	13.91475150405905
1.4662593558534827	4.115102191997417	7.535265526795988	15.41373407744381	27.660538170480752	47.334251524927275
1.1833845279565107	5.395859955942303	14.438548768975444	24.50868771899496	40.79417611220582	65.38020781415223
-1.5426406810127582	0.8042935425435247	3.6557513894679206	4.9403899773125115	7.787533670201928	10.956702077742513
0.02651929190943514	-0.8463453545745465	-2.290495114990083	-1.9427862840861954	-8.228467032646268	-20.51073025265481
0.22382053749051734	3.0690446520181016	7.587630561572245	14.136928216430533	20.85596718295729	27.558185714427125
0.35937528273373864	2.133361074213288	3.614714903657355	9.254069214104518	17.579840614836822	29.79345650318529
0.7126723204790938	1.0938956045680843	4.326357210466956	7.157762685789828	14.290916959677123	24.27386680297441
1.0111168323760182	-0.86830577153366	-0.5076876512758894	-1.087893287271541	-1.575997535964686	-5.355927322996886
3.4253560058271524	7.467029109934714	14.334381808649352	21.848714858640143	31.78888477992321	41.7106298029788
1.501698227314455	3.5170356691063236	4.487711783591554	3.422898333600413	8.56483949352317	15.600617460143791
1.275508797118423	2.2473493288063917	1.650503542452046	3.680024850573475	6.019049679385363	9.51612449319793
-0.06687737539213656	-0.4189601896679471	1.309014045717862	2.00328135696339	1.9385242359353407	-0.8140486051780034
-0.6921251712638612	-0.6865201596619501	-0.4641212344425183	-0.48732966959691115	0.7474899955487251	0.7832745207077298
0.49156744155172327	2.7272114434532373	3.0145905649030675	4.348665516431159	4.309356446421617	1.8224742006837413
0.29492467374776177	0.8729764204436625	4.4597439547473225	9.457411369673594	19.121786638782783	41.29940804050571
0.15904388360773525	4.329546188714062	9.068726448422122	19.64436974240694	38.79139100285887	71.06791148508492
1.062565493554405	0.9974867485417941	0.22727152778769266	-2.656665749238787	-11.323498188541596	-27.415370497070583
-1.1759491768325074	0.969035823648893	6.315863474345393	15.589960084747755	29.1300324059171	52.27021565368965
0.6795699312766632	3.0370093667303637	3.067532875022372	2.4775313654392086	1.374990419328575	-0.5140356718882355
2.7436637531324712	5.551500839127591	8.588072063643597	14.018286598438465	22.14951893558652	37.51048216127762
-1.8427487036097245	-2.81063817352987	-3.7783402967214297	-6.786705693088485	-11.212342564779977	-15.35746100549151
-0.26695985445806114	0.0888440421697938	-0.29064294160462634	-2.6481084161463517	-6.33193647408178	-16.71918271382564
-0.664645239224229	0.14495404148954583	0.24815531630345466	-0.7324840395514283	0.7093507877610064	-2.259342479942971
-1.0421437066579848	1.690511029140545	7.174092566359725	10.618737763628117	19.009248483608314	29.248288492957144
0.8432060476928969	-0.9687484530591148	-3.627092115336259	-7.3089659609520625	-13.354822130167662	-25.031127029664283
-1.041870397154489	-0.15188699618980772	-0.015581146993115524	-2.3642026705029053	-4.139081855485215	-9.657326895267301
1.2015856088827115	4.136967249935422	4.042352929461666	1.4067681802939185	-4.8568821225213865	-14.191409043912921
1.0186029800302445	3.401078274193866	5.524059968161346	5.576438721495067	8.298243488416615	8.751146798247591
-0.27066191305963394	1.7967574879832604	2.690085737489726	7.9676791546810914	12.244655617298278	14.56262871763414
