"x1" "x2" "x3" "x4" "x5"
"1" 2.78 -1.71 -4.28 -7.54 -12.08
"2" 0.58 1.18 0.8 1.53 2.15
"3" 3.4 1.33 -1.11 -1.56 -5.25
"4" 1.23 1.83 0.67 0.58 0.1
"5" 1.86 0.81 -0.95 -2.04 -3.89
"6" 0.19 -1.94 -3.75 -4.09 -7.21
"7" 0.57 3.16 4.34 6.39 8.67
"8" 0.02 -1.35 -2.26 -3.39 -6.29
"9" -0.4 -2.05 -1.47 -2.81 -5.85
"10" -0.13 -1.98 -3.89 -4.79 -7.91
"11" 1.28 1.53 1.41 1.9 2.69
"12" 0.28 -1.26 -0.24 -0.47 -2.17
"13" -0.3 -3 -5.65 -7.51 -11.35
"14" -0.57 0.6 -0.38 -0.78 -1.45
"15" 1.75 2.2 1.41 0.36 0.3
"16" -0.9 -0.57 -1.46 -1.34 -2.83
"17" -0.36 -1.42 -0.53 -0.91 -0.17
"18" 1.42 -0.68 -1.23 -2.58 -3.47
"19" -1.03 -1.23 -0.89 0.42 0.19
"20" 1.04 1.46 -0.17 0.57 -0.07
"21" -0.31 -1.72 -1.36 -4.36 -4.46
"22" 0.12 2.26 2.66 3.11 3.64
"23" -0.45 -1.11 -1.88 -3.03 -4.67
"24" 0.43 -1.73 -4.04 -7.95 -12.58
"25" -0.24 1.02 0.72 2.06 2.35
"26" -2.17 -4.3 -5.88 -7.71 -12.27
"27" -0.68 0.15 -0.25 -1.35 0.23
"28" 2.44 1.95 2.88 4.44 6.25
"29" 0.9 -1.42 -5.16 -6.9 -10.64
"30" 1.26 -0.67 -1.27 -0.03 -3.18
"31" -2.22 -4.77 -7.19 -11.17 -17.31
"32" -1.94 -2.53 -4.96 -6.04 -6.67
"33" -1.03 -3.59 -6.09 -8.22 -14
"34" 0.6 -1.38 -3.7 -4.42 -7.2
"35" -1.99 -2.8 -5.95 -8.4 -13.18
"36" -1.52 -2.07 -2.7 -3.71 -3.64
"37" -1.67 -2.06 -1.05 -1.06 0.02
"38" -1.31 -0.86 -0.83 -2.08 -2.77
"39" 1.23 -0.23 -1.12 -2.15 -2.48
"40" 0.11 0.43 -0.19 -1.85 -3.83
"41" 1.49 0.03 -1.12 -1.67 -2.99
"42" 0.39 -1.07 -1.39 -2.75 -6.35
"43" 0.74 -0.95 -1.92 -4.28 -8.36
"44" -0.98 -2.6 -4.78 -6.99 -10.93
"45" 1.85 0.79 2.14 1.24 1.4
"46" -0.05 0.55 1.01 0.77 1.42
"47" 1.03 1.51 2.47 1.68 2.69
"48" -1.18 -1.08 -0.9 -1.36 -2.96
"49" -0.87 -1.6 -0.74 -1.74 -2.03
"50" -0.17 0.46 0.15 1 0.97
"51" -0.19 -0.98 2.69 2.86 4.14
"52" 0.18 -4.21 -4.39 -6.92 -10.61
"53" -1.19 -3.18 -5.92 -7.86 -12.87
"54" -0.38 -4.16 -5.8 -8.82 -14.12
"55" 0 -1.09 -1.49 -0.66 -1.26
"56" -1.06 -1.85 -4.07 -5.12 -7.25
"57" 0.41 -2.31 -4.47 -7.67 -13.29
"58" 1.38 -0.2 0.37 -0.33 -0.63
"59" 0.67 0.9 0.96 1.37 1.18
"60" -1.25 -3.2 -2.35 -4.54 -5.91
"61" -0.74 -1.67 -2.27 -3.49 -6
"62" 0.26 0.12 0.44 0.01 0.14
"63" 0.95 -0.97 -1.88 -4.57 -8.01
"64" -0.65 -3.61 -7.14 -9.04 -15.01
"65" -1.73 -1.55 -3.82 -4.15 -5.63
"66" -0.46 -3.05 -5.4 -7.36 -14
"67" 0.22 -0.34 -0.38 -0.79 -1.01
"68" 1.19 1.77 2.85 0.82 1.72
"69" 0.92 0.19 -0.45 -0.06 -2.06
"70" -1.11 -0.68 -1.88 -1.11 -1.23
"71" -0.83 1.53 0.27 0.33 0.72
"72" 1.09 2.79 4.46 5.44 8.55
"73" 0.12 -1.68 -3.36 -6.27 -9.18
"74" -0.81 -1.01 -1.59 -3.08 -4.02
"75" -0.49 -2.69 -5.53 -8.18 -14.36
"76" 0.63 -1.21 -2.94 -4.92 -8.1
"77" -1.82 -4.95 -4.24 -6.9 -9.64
"78" 0.47 -0.31 -1.27 -1.11 -1.07
"79" 0.07 2.26 4.35 6.77 9.98
"80" 0.65 -0.8 -0.73 -0.51 -1.34
"81" -0.51 -0.43 0.45 0.5 1.29
"82" -1.21 -3.76 -5.69 -8.24 -14.55
"83" 0.59 0.38 -2.37 -2.68 -5.3
"84" 0.36 -2.58 -5.93 -8.85 -13.75
"85" -0.95 -3.12 -6.31 -8.16 -12.88
"86" -0.43 -1.2 -3.32 -3.94 -6.28
"87" 1.15 2.02 2.25 2.53 2.62
"88" 0.8 -0.82 -2.1 -2.75 -5.22
"89" -0.71 -2.66 -3.29 -5.46 -9.19
"90" -0.93 -1.13 -0.73 -1.15 -2.37
"91" 1.65 2.42 2.36 1.71 3.21
"92" -1.02 -2.07 -3.31 -6.16 -8.99
"93" 1.02 0.04 -0.8 -1.06 -3.41
"94" 0.27 -2.11 -3.92 -5.67 -11.65
"95" -1.04 -2.14 -3.53 -5.36 -8.2
"96" 1.25 -0.04 -2.05 -3.14 -6.59
"97" -1.39 -2.79 -5.06 -6.64 -10.17
"98" 0.33 -0.65 -2.22 -2.57 -6
"99" 1.58 -0.24 -1.11 0.55 -2.14
"100" 0.27 -1.66 -3.78 -5.84 -9.72
"101" -1.05 -1.05 -0.23 -1.22 -1.2
"102" -0.79 -0.96 -0.76 -0.55 -1.01
"103" 3 1.49 0.63 -0.75 -3.02
"104" 0.46 -1.41 -2.34 -4.17 -5.83
"105" -0.97 -2.92 -5.47 -6.09 -10.94
"106" -0.91 -2.95 -5.54 -8.08 -12.99
"107" 0.87 -0.04 -2.28 -1.42 -4.26
"108" -1.22 -3.61 -5.56 -9.47 -12.45
"109" 0 1.24 0.21 2.32 4.06
"110" -0.33 -1.14 -2.67 -4.43 -7.92
"111" 1.4 -1.08 -0.68 -1.76 -2.03
"112" -0.05 0.5 0.31 1.18 1.88
"113" -0.08 -2.86 -5.75 -8.94 -13.77
"114" 0.18 -0.01 -2.34 -1.95 -3.95
"115" -0.17 -0.96 -1.95 -3.67 -5.37
"116" -0.29 -0.68 -0.34 0.08 0.08
"117" -0.02 -1.65 -1.59 -1.6 -3.32
"118" 0.69 -1.11 -3.02 -5.57 -8.75
"119" 2.42 -0.18 -0.02 -0.65 -2.81
"120" 2.32 -0.17 -0.82 -2.63 -6.36
"121" -0.52 0.56 -0.78 -0.5 -0.14
"122" 0.95 -0.62 -3.72 -5.54 -9.23
"123" 0.37 -2.43 -4.04 -7.2 -10.95
"124" 0.04 -0.36 -0.87 -1.74 -3.12
"125" 0.7 0.83 0.74 0.4 0.89
"126" -0.75 -1.44 -2.19 -2.11 -3.13
"127" -0.02 -0.87 -2.42 -3.75 -6.88
"128" -1.26 -2.09 -2.32 -4.57 -6.04
"129" 0.41 -0.87 -2.1 -3.02 -6.5
"130" -0.34 -0.48 -1 -1.69 -2.2
"131" 0.36 1.82 0.1 0.13 0.14
"132" -0.07 -3.18 -4.54 -5.83 -9.6
"133" -0.59 -2.73 -4.65 -6.81 -10.76
"134" 1.58 -0.18 -0.79 -1.51 -2.98
"135" 1.77 1.32 0.44 2.15 0.19
"136" 1.45 0.35 0.45 0.21 -1.46
"137" 0.06 0.06 -0.51 -2.09 -2.41
"138" -1.13 -2.46 -3.46 -5.85 -8.9
"139" 0.82 1.86 2.53 2.51 4.06
"140" 0.69 -1.6 -3.89 -4.57 -8.56
"141" 0.43 -0.2 -1 -1 -1.07
"142" 0.41 -1.28 -3.11 -4.39 -9.76
"143" -1.34 -2.08 -2.86 -2.77 -4.24
"144" 2.21 2.65 2.42 1.9 1.43
"145" 1.7 -0.41 -1.18 -1.05 -2.5
"146" 0.06 -1.96 -2.68 -4.2 -6.32
"147" -0.1 -0.17 0.24 -1.05 -0.92
"148" -0.41 -1.79 -5.33 -7 -11.52
"149" 0.61 -1.63 -3.57 -4.2 -5.73
"150" -0.54 -2.77 -5.64 -7.15 -12.9
"151" -0.94 -3.57 -7.07 -9.85 -14.72
"152" -0.44 -0.84 -2.65 -2.68 -3.74
"153" 1.51 2.05 0.97 1.96 0.04
"154" 0.14 -1.62 -4.05 -6.57 -10.55
"155" 0.31 0.51 0.05 -0.04 -0.71
"156" -1.37 -3.44 -6.18 -7.69 -12.32
"157" -0.22 -2.75 -5.32 -6.14 -10.12
"158" -0.43 -1.97 -5.66 -6.71 -12.39
"159" -0.55 -1.86 -2.16 -4.56 -4.62
"160" 1.29 0.78 1.01 0.13 -1.19
"161" -0.09 -2.01 -2.91 -4.94 -8.08
"162" 1.04 0.97 1.53 1.08 2.32
"163" 0.52 -0.98 -1.44 -3.95 -7.35
"164" -3.55 -5.09 -5.95 -7.56 -10.22
"165" -0.93 -5.15 -9.86 -13.56 -22.71
"166" -1.16 -4.42 -5.32 -8.69 -11.01
"167" -0.45 -2.31 -3.53 -6.23 -11.08
"168" 0.44 1.21 -0.77 -0.57 -1.98
"169" -0.17 -1.02 -2.07 -4.16 -5.62
"170" -1.02 -1.46 -3.29 -3.04 -5.87
"171" -0.57 -1.14 -1.09 -3.02 -3.9
"172" -1.56 -0.33 -1.75 -2 -2.6
"173" 0.38 -1.88 -2.42 -4.62 -7.47
"174" -0.33 -3.35 -4.95 -8.19 -11.84
"175" -1.47 -2.56 -5.76 -6.75 -11.14
"176" 0.25 -2.99 -4.46 -6.64 -10.42
"177" -0.14 -1.63 -1.78 -1.53 -3.62
"178" 1.77 0.49 1.19 -0.06 -1.14
"179" 0.87 1.17 0.47 1.58 0.68
"180" -0.68 -1.4 -3.11 -5.54 -8.69
"181" -0.12 -2.88 -4.28 -6.99 -10.42
"182" 0.59 0.8 1.58 1.72 2.27
"183" 0.09 0.34 -0.85 -1.06 -1.99
"184" 1.51 1.13 0.7 0.66 1.01
"185" 2.19 3.63 4.78 5.83 8.49
"186" -0.14 -1.5 -3.62 -3.98 -6.71
"187" 0.65 -1.55 -3.08 -4.93 -8.54
"188" 0.26 1.21 0.52 -0.05 0.43
"189" 1.05 -0.55 -2.53 -2.47 -5.77
"190" 0.3 -1.88 -3.32 -6 -9.17
"191" 0.69 0.31 1.67 1.5 0.64
"192" -1.36 -2.48 -2.66 -3.13 -4.95
"193" 1.34 0.58 0.69 -0.04 0.82
"194" -0.69 -1.91 -4.16 -6.49 -9.65
"195" 0.41 0.46 0.26 -0.63 -1.74
"196" 0.3 -2.47 -3.01 -4.37 -7.16
"197" 0.02 -1.2 -2.2 -2.54 -3.53
"198" 0.46 1.02 3.66 3.47 5.95
"199" 0.18 -1.44 -3.51 -5.37 -8.92
"200" 1.64 3.79 4.95 7.55 11.1
"201" 5 5.65 5.87 6.04 6.87
"202" 5.35 6.4 7.93 8.8 10.85
"203" 5.83 7.99 9.48 11.45 15.69
"204" 2.64 3.31 2.22 3 2.24
"205" 4.12 8.64 11.09 13.65 19.01
"206" 4.01 4.68 5.5 5.48 5.86
"207" 8.51 11.3 13.03 16.85 21.37
"208" 5.8 8.21 8.95 10.18 13.34
"209" 4.78 6.67 7.72 8.43 11.54
"210" 5.59 6.43 8.41 9.8 13.46
"211" 5.23 7.8 8.72 11.26 14.25
"212" 3.11 4.72 6.56 8.15 10.43
"213" 4.2 4.97 5.26 5.46 6.04
"214" 7.34 9.11 10.67 13.15 16.74
"215" 3.72 3.13 2.89 2.91 3.01
"216" 5.42 6.75 8.69 10.7 14.3
"217" 4.74 5.35 4.95 4.82 5.25
"218" 3.74 5.12 5.14 5.59 7.38
"219" 2.87 3.87 3.26 3.07 4.03
"220" 5.48 5.87 6.51 6.57 9.66
"221" 5.48 8.19 9.91 10.27 14.82
"222" 6.14 8.07 10.37 12.15 15.3
"223" 2.69 3.7 2.83 3.56 4.64
"224" 4.68 5.52 6.23 6.45 7.83
"225" 5.76 6.79 5.98 7.29 7.54
"226" 1.84 2.68 3.8 4.04 5.94
"227" 4.63 5.38 6.68 7.03 8.51
"228" 5.62 8.36 9.78 10.74 13.66
"229" 6.93 6.34 8.25 6.67 6.2
"230" 4.71 7.27 8.97 12.04 13.79
"231" 4.87 5.78 5.62 6.61 7.76
"232" 5.11 6.55 7.83 9.7 9.79
"233" 4.1 4.57 5.34 5.93 5.16
"234" 5.17 5.79 6.6 6.79 8.54
"235" 4.4 7.2 9.52 11.85 16.14
"236" 6.37 7.67 8.84 9.26 11.57
"237" 6.35 8.2 10.74 10.93 15.05
"238" 5.77 5.58 6.3 7.83 7.81
"239" 4.29 4.14 5.38 5.62 7.27
"240" 4.83 4.64 5.16 5.03 5.83
"241" 6.25 6.24 5.83 6.86 8.42
"242" 3.46 4.16 5.61 5.91 9.44
"243" 3.9 5.41 6.69 7.83 11.53
"244" 5.97 7.75 8.27 12.7 17.53
"245" 5.89 6.97 8.78 11.27 13.16
"246" 6.78 7.27 8.58 8.75 12.36
"247" 5.83 4.31 4.64 4.51 3.15
"248" 1.67 -0.99 -2.02 -3.4 -5.53
"249" 5.2 6.32 5.45 6.44 6.76
"250" 8.96 10.21 11.67 12.65 15.14
"251" 3.98 4.5 4.87 4.48 5
"252" 5.65 6.24 7.94 9.82 12.52
"253" 4.74 5.6 5.8 5.65 6.27
"254" 4.12 6.51 7.59 8.64 12.75
"255" 5.95 8.14 9.82 10.86 14.15
"256" 6.39 7.06 8.11 9.34 10.05
"257" 5.64 8.08 8.55 10 11.85
"258" 6.95 5.01 5.41 4.3 3.69
"259" 4.62 4.64 5.55 5.45 8.26
"260" 1.32 2.94 4.9 7.48 10.73
"261" 3.46 5.71 7.6 10.21 13.49
"262" 5.16 5.85 5.84 6.76 6.85
"263" 3.64 4.77 5.14 5.38 5.86
"264" 5.75 5.37 6.15 6.77 7.05
"265" 7.14 9.37 11.65 13.16 17.59
"266" 5.3 5.77 7.38 6.93 9.42
"267" 3.71 3.79 3.06 2.73 3.41
"268" 4.84 5.5 5.86 7.29 7.8
"269" 4.06 4.26 6.04 7.6 8.19
"270" 6.03 6.6 7.59 6.64 7.42
"271" 6 7.31 9.36 12.44 16.46
"272" 5.65 8.19 10.09 14.13 18
"273" 5 7.89 9.32 11.18 13.95
"274" 6.61 7.29 7.01 9.62 12.17
"275" 4.62 5.98 6.74 8.03 9.68
"276" 6.01 7.26 8.2 11.23 15.01
"277" 6.44 7.18 8.09 9.15 12.39
"278" 3.53 4.03 4.39 4.74 5.34
"279" 6.74 7.01 8.82 9.69 12.39
"280" 7.81 11.41 13.46 15.6 19.81
"281" 6.6 8.24 10.13 12.18 16.93
"282" 4.53 4.78 5.86 5.79 5.9
"283" 3.06 4.09 6.34 5.84 7.55
"284" 3.83 5.43 4.88 5.48 6.14
"285" 4.91 5.72 7.41 8.43 9.72
"286" 4.3 4.13 2.63 2.04 0.48
"287" 4.7 4.32 4.28 2.54 1.2
"288" 6.65 7.18 8.8 10.4 12.37
"289" 2.06 1.71 0.75 1.2 1.57
"290" 2.7 3.82 4.68 6.62 9.79
"291" 3.02 5.86 6.97 7.64 11.02
"292" 4.27 5.52 4.53 4.98 4.58
"293" 5.04 7.13 6.33 8.32 9.72
"294" 6.77 7.69 7.26 9.32 11.5
"295" 3.16 3.52 4.55 3.74 3.81
"296" 4.93 6.53 7.89 9.01 10.24
"297" 2.5 3.18 5.02 6.55 8.43
"298" 4.65 5.49 5.61 8.16 10.36
"299" 7.74 9.04 9.55 9.52 10.23
"300" 8.73 10.7 12.46 14.86 17.87
"301" 7.34 7.38 9.02 10.35 12.56
"302" 4.08 4.57 6.26 6.05 8.25
"303" 1.06 2.57 3.21 2.42 2.67
"304" 2.92 3.69 5.41 6.02 7.87
"305" 4.77 5.78 6.1 6.86 8.02
"306" 3.65 7 7.07 9.75 12.33
"307" 4.51 5.22 6.16 6.2 9.88
"308" 6.68 6.36 8.11 9.89 11.85
"309" 5.65 5.6 6.45 6.04 5.29
"310" 5.47 5.82 5.88 5.21 5.19
"311" 7.39 7.84 10 11.13 13.19
"312" 6.39 7.34 9.52 10.43 14.59
"313" 4.68 6.36 8.21 9.55 14.05
"314" 2.65 2.31 2.42 0.66 -0.48
"315" 5.51 6.32 5.54 6.07 7.36
"316" 6.15 8.21 9.84 10.8 14.45
"317" 3.89 5.21 5.81 5.22 6.44
"318" 6.04 7.51 8.38 9.82 13.48
"319" 4.9 3.3 2.07 1.98 0.26
"320" 4.52 6.62 7.21 9.64 12.04
"321" 4.83 6.85 6.78 7.36 8.03
"322" 4.84 5.53 6.48 7.22 10.64
"323" 5.07 6.09 6.04 5.79 7.26
"324" 5.17 4.63 3.49 2.61 3.88
"325" 6.37 8.27 9.72 11.03 14.55
"326" 5.06 4.71 5.21 6.24 7.23
"327" 4.5 5.96 7.43 9.34 12.99
"328" 6.04 7.78 9.29 10.56 14.06
"329" 2.75 3.64 4.57 4.61 6.2
"330" 6.05 6.65 7.61 6.86 8.1
"331" 6.03 6.48 8.21 8.75 11.08
"332" 5.63 6.72 8.29 10.61 14.03
"333" 4.18 5.3 5.73 7.37 8.57
"334" 4.36 3.5 5.49 4.59 6.39
"335" 2.3 3.01 4.02 5.02 6.46
"336" 2.46 2.41 2.64 1.94 1.96
"337" 5.34 5.86 6.63 6.65 7.71
"338" 5.19 6.15 6.63 7.12 8.78
"339" 4.25 4.41 4.44 4.05 4.32
"340" 4.14 3.18 3.41 5.78 6.21
"341" 3.74 3.78 5.65 6.7 9
"342" 7.14 7.94 9.75 9.94 14.21
"343" 8.1 8.44 10.76 11.84 13.83
"344" 6.15 7.97 10.22 11.91 15.95
"345" 6.97 7.33 6.92 9.16 9.38
"346" 4.69 6.41 6.15 6.11 8.75
"347" 2.33 3.28 4.76 7.02 8.85
"348" 5.55 8.25 9.88 11.21 13.44
"349" 3.78 4.4 4.79 5.72 7.5
"350" 4.6 6.96 8.87 11.11 14.4
"351" 2.39 3.38 3.12 5.01 5.85
"352" 4.45 6.87 8.73 8.62 10.7
"353" 5.37 5.61 6.24 6.61 8.05
"354" 5.49 6.28 7.1 7.77 9.27
"355" 6.04 7.26 8.84 9.4 11.9
"356" 6.34 6.25 6.5 8.81 9.05
"357" 2.4 2.51 2.1 0.98 0.41
"358" 7.02 7.23 8.87 9 10.56
"359" 3.12 3.66 5.87 7.06 8.19
"360" 5.02 5.69 7.38 8.48 10.1
"361" 4.07 4.05 3.72 3.19 3.87
"362" 4.62 5.69 7.2 6.63 8.34
"363" 3.55 4.95 6.22 8.34 11.69
"364" 5.15 6.47 6.95 8.96 11.11
"365" 4.82 5.37 6.98 6.66 9.4
"366" 5.99 6.94 7.04 8.78 10.21
"367" 5.19 6.37 7.88 6.46 7.99
"368" 3.05 4.91 7.27 8.22 12.44
"369" 2.56 3.63 4.5 6.04 7.24
"370" 7.99 7.98 7.61 9.73 10.74
"371" 4.12 5.5 6.6 7.42 9.69
"372" 6.16 8.18 9.29 10.39 13.72
"373" 3.7 3.52 3.66 4.26 3.6
"374" 3.7 6.14 6.71 8.14 11
"375" 5.71 7.18 8.33 9.06 12.12
"376" 5.42 5.48 6.83 8.48 9.96
"377" 8.53 10.88 12.61 15.1 19.99
"378" 7.28 8.87 10.08 11.4 13.56
"379" 5.59 6.3 8.62 8.08 11.58
"380" 4.35 7.17 9.44 10.78 13.27
"381" 4.92 6.71 8.2 9.26 11.24
"382" 8.43 7.73 10 9.69 11.74
"383" 5.37 5.26 6.04 6.73 6.87
"384" 3.49 5.2 6.03 6.85 11.29
"385" 5.68 6.2 7.79 8.03 8.56
"386" 6.25 7.3 8.39 9.21 12.75
"387" 5.31 6.52 8.74 10.78 14.98
"388" 5.96 7 7.42 8.93 10.87
"389" 5.9 6.73 7.59 9.61 11.31
"390" 4.1 4.92 7.39 7.63 11.08
"391" 3.02 4.35 5.37 6.94 10.18
"392" 4.27 5.52 6.84 8.72 10.69
"393" 4.84 6.54 7.47 8.98 13.52
"394" 7.18 8.34 9.59 10.55 14.31
"395" 4.39 6.73 10.5 14.74 22.33
"396" 5.48 5.63 7.61 8.52 9.7
"397" 4.61 6.22 7.45 8.3 12.29
"398" 5.25 4.45 4.85 4.46 3.69
"399" 2.86 5.05 5.18 6.04 7.76
"400" 4.17 5.86 7.45 8.01 10.74
"401" 6.05 7.46 7.85 9.19 9.47
"402" 4.8 4.71 4.59 4.91 5.67
"403" 4.42 4.31 4.94 4.32 4.06
"404" 8.64 9.78 11.05 12.8 14.81
"405" 5.88 5.87 6.59 6.38 7.22
"406" 4.19 5.82 6.47 7.47 9.67
"407" 5.57 6.56 6.37 7.15 7.5
"408" 5.47 6.72 6.38 8.57 9.07
"409" 5.92 7.13 7.85 9.24 10.78
"410" 6.6 7.28 9.27 10.52 12.96
"411" 7.79 10.14 12.25 12.94 17.09
"412" 5.68 6.21 8.26 9.4 11.4
"413" 7.17 8.47 9.39 10.55 14.3
"414" 6.01 5.75 9.17 9.71 11.71
"415" 2.35 3.14 2.89 2.42 4.21
"416" 5.06 6.03 5.57 5.63 5.02
"417" 5.84 7.57 9.15 10.48 14.29
"418" 2.31 3.17 3.67 3.42 4.97
"419" 3.26 4.81 7.37 7.99 11.03
"420" 6.04 7.17 7.35 6.8 5.98
"421" 3.71 3.87 4.69 5.08 5.75
"422" 7.67 10.5 14.71 17.43 23.73
"423" 4.62 3.71 5.37 5.09 5.84
"424" 3.09 5.66 6.07 7.14 10
"425" 4.61 5.24 6.03 6.9 7.56
"426" 5.03 5 5.82 5.73 8.23
"427" 2.6 3.41 6.81 8.5 11.79
"428" 4.3 6.15 7.33 9.87 11.41
"429" 4.01 5.26 6.8 9.07 11.81
"430" 5.97 8.44 10.06 11.44 14.64
"431" 3.54 5.21 5.27 7.09 7.98
"432" 5.7 5.79 6.61 6.04 7.14
"433" 4.35 5.43 7.61 9.76 14.69
"434" 3.35 4.48 4.37 5.17 6.69
"435" 5.73 7.32 8.98 9.66 12.36
"436" 2.91 4.59 5.28 6.86 8.81
"437" 4.84 5.92 6.62 5.39 6.5
"438" 8.77 8.44 9.39 9.53 11.61
"439" 5.56 5.78 7.95 7.48 10.79
"440" 3.56 4.08 4.66 5.82 6.89
"441" 5.67 7.38 12.09 14.31 20.46
"442" 4.56 5.14 5.38 6.17 8.19
"443" 3.19 3.62 6.7 7.38 10.45
"444" 4.93 6.16 7.85 10.01 12.45
"445" 5.1 6.63 7.1 8.12 9.96
"446" 5.28 4.83 6.6 7.57 8.64
"447" 4.34 6.04 7.8 8.71 11.9
"448" 3.38 2.93 2.76 2.03 2.16
"449" 6.64 6.99 7.6 7.99 9.54
"450" 3.88 5.52 6.08 7.56 8.56
"451" 4.17 3.61 2.57 1.22 -0.63
"452" 5.59 8.23 10.01 10.78 14.83
"453" 5.23 6.93 6.72 8.18 10.99
"454" 7.19 10.13 11.8 13.13 17.84
"455" 5.24 6.41 8.27 8.73 10.92
"456" 4.62 5.06 5.83 5.9 6.38
"457" 7.36 8.7 10.66 12.68 16.04
"458" 5.8 6.72 5.56 6.55 7.12
"459" 1.78 2.16 2.59 2.9 2.35
"460" 4.41 5.48 5.07 6.56 5.97
"461" 4.32 5.31 5.3 6.07 6.13
"462" 6.45 8.21 9.13 10.27 12.94
"463" 5.38 5.64 5.73 6.38 7.2
"464" 1.28 2.82 2.27 1.89 3.4
"465" 3.08 3.47 4.59 4.05 5.47
"466" 1.88 3.64 6.25 8.22 11.59
"467" 5.83 6.69 8.92 9.99 12.68
"468" 6.36 8.01 8.07 10.65 13.5
"469" 6.74 6.99 6.76 7.29 7.22
"470" 4.3 7.11 8.24 9.71 11.86
"471" 6.86 8.68 9.8 10.9 14.27
"472" 5.04 6.68 6.89 8.21 10.83
"473" 3.75 5.01 7.04 9.44 12.27
"474" 3.85 4.17 6.61 7.22 10.19
"475" 3.58 1.94 3.94 2.43 2
"476" 6.47 6.04 6.9 7.95 8.21
"477" 3.41 3.94 5.18 5.16 5.55
"478" 5.43 7.58 9.7 10.5 13.39
"479" 4.13 5.3 7.54 8.99 11.5
"480" 7.1 5.72 5.68 5.88 5.22
"481" 6.38 8.08 8.44 9.94 13.14
"482" 4.35 5.72 6.99 7.78 9.07
"483" 4.57 3.82 5.26 4.45 3.81
"484" 5.02 5.28 7.34 8.54 11.93
"485" 7.82 11 13.02 14.71 19.73
"486" 4.85 5.94 6.9 7.69 10.13
"487" 5.51 6.82 8.2 9.86 13.06
"488" 3.2 5.87 6.41 7.45 9.93
"489" 4.1 7.02 10.17 11.89 17.27
"490" 5.55 7.29 7.41 9.35 11.7
"491" 5.18 4.85 3.97 4.84 4.76
"492" 5.55 5.97 8.49 9.43 11.42
"493" 3.21 3.68 3.8 4.14 4.74
"494" 4.3 5.45 6.31 7.94 9.76
"495" 3.34 2.97 4.3 3.1 3.15
"496" 3.57 1.82 2.65 2.54 1.7
"497" 4.52 5.86 6.52 6.98 9.26
"498" 2.56 2.82 3.65 3.41 4.75
"499" 2.62 4.14 4.46 4.9 6.7
"500" 5.95 4.83 6.18 6.39 6.43
