Twin1 Twin2 Father Mother zyg
-1.902 0.011 -0.283 NA mz
NA -0.339 NA NA mz
-0.04 NA NA NA mz
-1.864 -1.861 NA NA mz
-0.383 -0.734 NA -0.221 mz
0.353 -0.222 NA 0.292 mz
1.327 -0.107 NA 1.06 mz
-1.468 -1.323 0.464 -0.815 mz
-0.498 -0.002 0.242 0.53 mz
-1.426 -0.002 -1.053 -1.954 mz
0.192 0.001 NA 0.882 mz
0.125 0.136 NA NA mz
-0.029 -0.685 -0.203 -0.043 mz
-0.081 -0.073 -0.338 0.635 mz
-0.971 -0.627 0.168 -1.302 mz
0.648 0.694 NA NA mz
-0.257 -0.269 -0.279 NA mz
NA -0.069 NA NA mz
0.079 -0.265 -0.767 -0.648 mz
0.558 -0.135 NA NA mz
NA -1.105 NA NA mz
1.287 0.613 -0.708 0.637 mz
-0.843 -0.72 -1.172 -0.155 mz
-0.606 0.469 0.245 -1.274 mz
-0.217 1.48 0.248 1.154 mz
0.156 -0.034 1.435 NA mz
0 -0.198 NA 0.288 mz
-0.685 -0.671 0.812 0.396 mz
1.87 1.871 1.192 1.382 mz
0.589 1.552 NA 0.913 mz
0.833 -0.097 NA NA mz
-0.451 -0.719 0.261 NA mz
NA -0.705 NA NA mz
-1.067 0.674 NA NA mz
-0.435 -0.478 NA NA mz
NA -1.018 NA NA mz
2.592 2.446 NA NA mz
0.03 0.397 NA -0.764 mz
-0.263 0.99 -0.938 0.072 mz
-0.612 -0.955 0.926 -1.971 mz
-1.809 -1.19 -2.002 -1.343 mz
-0.395 -1.446 NA -0.665 mz
-0.821 0.573 NA NA mz
0.72 2.233 NA NA mz
-0.888 -1.484 NA NA mz
0.534 0.682 -0.598 0.008 mz
-0.933 -2.212 NA NA mz
0.385 -0.453 NA -1.461 mz
1.152 0.382 -1.258 -0.867 mz
0.519 1.148 NA NA mz
0.334 1.12 NA -0.639 mz
-0.468 0.286 -0.412 NA mz
-1.064 -1.502 -0.598 NA mz
1.298 0.234 NA NA mz
-1.689 -1.7 0.884 0.77 mz
-0.506 -0.882 0.058 -0.785 mz
1.302 0.764 0.344 1.764 mz
-0.529 -1.244 -1.213 NA mz
1.256 0.5 1.63 0.758 mz
-0.067 -0.095 NA NA mz
0.031 0.851 NA -1.505 mz
2.28 NA NA NA mz
0.091 -0.548 1.814 -0.413 mz
-0.069 0.291 0.662 -0.079 mz
0.129 -0.323 NA -0.82 mz
0.645 0.423 0.148 -1.134 mz
1.605 1.467 -1.043 0.144 mz
-0.385 0.801 0.524 1.333 mz
-0.658 -0.108 NA NA mz
-0.404 -0.106 NA NA mz
NA 0.016 NA NA mz
-0.511 -0.054 0.438 0.715 mz
NA -0.024 NA NA mz
NA 0.242 -1.376 -0.046 mz
-0.655 -0.652 NA -0.653 mz
0.271 -0.514 NA 0.631 mz
-1.13 1.26 NA NA mz
-1.359 -1.17 NA -1.253 mz
-0.391 0.739 0.467 NA mz
-0.082 -1.017 0.458 -0.27 mz
-0.553 0.112 0.388 0.784 mz
1.818 1.308 NA NA mz
0.233 1.366 NA NA mz
0.307 0.281 NA NA mz
0.727 1.525 -0.358 -0.308 mz
-0.512 -0.055 -1.729 -0.798 mz
-1.209 -1.403 NA NA mz
-0.743 -1.522 NA NA mz
NA -0.729 NA NA mz
1.182 0.314 NA NA mz
0.323 1.354 0.716 -0.173 mz
-1.575 -1.971 0.498 -0.985 mz
-1.523 -0.382 NA NA mz
0.855 1.103 NA -0.472 mz
-0.341 -0.779 0.152 -0.866 mz
-0.709 0.078 -0.455 0.211 mz
-0.38 -0.055 NA NA mz
-0.236 -0.01 NA NA mz
1.03 0.567 -0.129 -1.085 mz
0.546 0.457 NA NA mz
1.062 0.633 1.183 0.482 mz
-0.738 -0.753 NA NA mz
1.057 0.676 NA NA mz
0.958 -0.68 0.877 0.443 mz
-0.589 -0.197 1.461 0.642 mz
NA 1.159 NA NA mz
1.421 1.125 2.585 2.304 mz
-0.376 -1.044 NA 0.962 mz
0.851 0.22 -0.27 -0.953 mz
-0.365 NA NA NA mz
-0.463 -0.995 NA NA mz
0.489 0.104 -3.081 -0.804 mz
-0.246 -0.144 0.964 NA mz
-0.255 -0.554 -0.22 -0.109 mz
1.215 NA NA NA mz
0.235 1.305 -0.24 0.574 mz
1.041 0.196 NA NA mz
-1.198 -1.055 NA NA mz
1.725 1.227 NA 1.357 mz
-1.162 -0.594 0.009 -0.4 mz
-0.26 -0.443 NA NA mz
1.045 0.153 -0.709 NA mz
0.061 -0.224 -0.682 -0.708 mz
-0.416 -0.495 1.848 -0.827 mz
0.14 0.509 NA NA mz
NA 0.245 NA NA mz
0.771 0.583 NA NA mz
-0.222 -0.889 NA NA mz
0.729 0.511 -2.266 1.372 mz
0.858 NA NA NA mz
0.145 -0.702 NA NA mz
1.468 0.534 0.381 1.831 mz
-0.912 0.405 NA NA mz
1.183 1.291 0.421 0.521 mz
0.355 0.964 NA 0.088 mz
-0.699 -0.05 NA NA mz
0.664 NA NA NA mz
0.02 -0.049 0.329 -0.208 mz
1.594 1.475 0.577 -0.999 mz
1.324 0.98 -0.877 0.745 mz
0.927 0.342 NA NA mz
-0.431 0.958 0.896 -1.327 mz
0.591 0.429 NA NA mz
-0.52 -0.377 -1.026 -1.086 mz
1.46 2.35 NA NA mz
-0.68 -0.802 NA -0.229 mz
0.377 1.331 0.27 0.728 mz
0.295 1.321 0.445 0.484 mz
0.893 1.81 0.332 -0.505 mz
-0.142 0.053 -0.495 NA mz
-0.248 0.25 -1.303 NA mz
-1.507 -1.485 -0.623 -0.196 mz
0.155 -0.278 NA NA mz
0.654 1.231 NA NA mz
-0.57 -1.241 NA NA mz
0.179 1.4 NA NA mz
0.42 1.099 0.618 0.388 mz
-0.189 -0.793 -1.257 0.616 mz
-0.378 NA NA NA mz
-1.081 0.626 NA NA mz
1.805 -0.096 NA 0.032 mz
-1.383 -1.156 NA NA mz
-0.855 -0.685 NA NA mz
-0.115 0.056 NA 0.93 mz
0.862 0.204 NA NA mz
0.237 0.336 0.188 -1.663 mz
NA -1.305 NA NA mz
0.224 1.572 -0.026 -0.121 mz
1.011 0.575 NA NA mz
-0.412 1.057 NA NA mz
1.153 0.232 0.853 -1.104 mz
1.811 NA NA NA mz
0.084 0.722 0.889 -1.272 mz
NA 0.394 NA NA mz
0.316 -1.17 NA NA mz
1.348 0.381 NA NA mz
-0.247 0.223 -0.84 -1.472 mz
1.503 0.836 NA -1.849 mz
-0.818 -0.281 -1.433 -1.823 mz
0.695 -0.556 -1.02 -2.536 mz
0.897 0.204 NA NA mz
0.565 -0.28 NA 0.681 mz
-1.547 -1.732 NA NA mz
0.536 0.294 -0.913 -1.592 mz
1.927 1.396 1.075 2.181 mz
-0.748 -1.37 NA NA mz
2.174 1.146 0.68 -0.649 mz
-0.41 0.136 -0.283 -0.894 mz
0.509 0.266 0.024 0.548 mz
0.783 0.317 -0.89 1.582 mz
-1.154 -0.84 NA 0.2 mz
1.606 2.23 NA NA mz
-0.941 -0.94 -1.372 0.54 mz
0.133 -0.129 NA NA mz
0.396 -0.183 -0.253 -0.06 mz
1.677 0.227 0.111 1.953 mz
0.076 NA NA NA mz
NA 0.294 NA NA mz
-0.352 0.446 0.224 -0.273 mz
-0.431 -0.872 0.512 0.685 mz
1.995 2.414 0.892 1.742 mz
-0.852 NA NA NA mz
1.246 0.815 0.334 1.303 mz
-1.427 -2.009 0.654 -0.207 mz
0.169 0.087 NA NA mz
1.175 -0.213 -0.094 0.488 mz
-0.233 -0.324 -0.989 0.087 mz
NA -0.463 NA NA mz
0.039 -0.051 1.049 1.352 mz
NA -0.888 NA NA mz
0.046 -0.35 0.865 1.464 mz
-1.081 -0.634 1.445 -0.953 mz
0.911 0.679 0.224 NA mz
NA 1.796 NA NA mz
-0.109 0.164 NA 0.39 mz
0.323 -0.588 -0.476 NA mz
-1.988 -0.347 1.268 0.299 mz
-1.73 0.143 -0.997 -1.464 mz
0.085 NA NA NA mz
0.152 0.757 0.139 0.488 mz
-0.338 0.959 NA 0.027 mz
0.165 0.849 0.991 -0.07 mz
0.66 -0.32 NA NA mz
1.553 0.177 0.175 0.667 mz
-0.104 -0.495 NA NA mz
0.706 1.191 NA NA mz
NA -0.156 NA NA mz
-1.718 -1.056 -2.637 0.25 mz
-2.4 -1.549 NA NA mz
0.359 0.318 0.638 NA mz
0.746 0.076 NA NA mz
0.585 0.919 NA NA mz
0.327 0.912 -0.379 0.485 mz
-0.043 -1.252 -2.613 -0.357 mz
-0.433 -0.204 -0.059 1.222 mz
-0.132 NA NA NA mz
NA -0.03 NA NA mz
-2.618 -1.709 1.307 -0.324 mz
-1.787 NA NA NA mz
0.978 0.121 1.437 0.386 mz
-0.991 -0.455 -1.149 -0.378 mz
NA -0.566 NA NA mz
0.545 1.642 0.78 -0.343 mz
-0.114 -0.265 NA NA mz
2.401 1.714 1.205 NA mz
0.636 1.295 0.089 -0.796 mz
1.483 0.628 NA 1.041 mz
0.407 -0.824 NA NA mz
0.994 -0.121 NA NA mz
-0.632 -0.345 -0.673 -0.786 mz
-0.094 1.29 -0.177 1.068 mz
0.281 0.247 -0.073 0.155 mz
-0.269 NA NA NA mz
1.481 0.544 0.529 -1.27 mz
-0.007 -1.29 NA NA mz
0.988 -1.2 NA NA mz
-0.468 NA NA NA mz
-0.181 -0.67 0.932 -0.325 mz
NA 0.539 NA NA mz
0.057 0.596 -0.682 -0.044 mz
0.141 -1.747 0.154 0.592 mz
-0.591 0.632 0.707 -0.534 mz
0.171 -0.923 1.003 0.468 mz
1.659 1.457 -0.124 0.763 mz
0.657 0.224 -1.207 -1.493 mz
0.071 0.176 1.115 -1.39 mz
-0.029 1.813 0.997 -0.15 mz
0.085 0.237 -0.509 -0.039 mz
-0.837 0.277 -1.759 -1.729 mz
-0.705 0.011 -1.284 -1.134 mz
2.033 NA NA NA mz
0.392 NA NA NA mz
0.667 0.653 NA 0.26 mz
-0.047 -1.582 -1.677 NA mz
-1.332 -0.048 -1.003 0.218 mz
-0.964 -1.063 NA NA mz
NA 0.203 NA NA mz
-1.99 -2.18 -0.057 -0.479 mz
0.443 -0.293 NA NA mz
NA -0.312 NA NA mz
-2.007 -0.016 -0.146 -2.108 mz
-0.073 -1.023 -1.921 -0.953 mz
0.773 1.174 1.032 0.687 mz
-0.436 0.654 NA NA mz
-0.962 -1.514 NA -0.572 mz
-0.179 0.697 0.055 -0.506 mz
-0.027 0.233 NA NA mz
0.648 1.239 1.114 -0.411 mz
-2.188 -1.187 -1.656 0.298 mz
0.226 -0.823 0.074 0.737 mz
0.429 -0.369 NA NA mz
-0.897 -1.58 -1.017 0.341 mz
0.543 -0.227 NA 0.949 mz
-0.414 -1.387 NA NA mz
-0.838 -1.181 -2.261 -1.352 mz
-0.364 -1.584 0.587 -0.531 mz
0.427 0.632 NA NA mz
-0.992 -0.503 0.472 -0.782 mz
-0.626 -0.231 NA NA mz
-1.072 0.423 NA NA mz
-0.938 -0.759 NA 0.234 mz
-1.073 NA NA NA mz
-1.727 -0.417 -0.17 -1.844 mz
0.432 0.112 NA -1.242 mz
-1.508 -0.372 1.127 -0.424 mz
0.192 0.272 -0.217 1.446 mz
-1.087 -0.19 -1.406 -0.088 mz
-1.406 NA NA NA mz
1.974 1.03 NA NA mz
0.157 1.086 0.179 -1.64 mz
-0.993 -0.939 NA NA mz
-1.251 -0.888 -0.998 0.197 mz
-1.163 -1.859 0.046 -0.547 mz
0.843 0.496 0.765 0.241 mz
-1.385 -0.822 -0.895 -0.335 mz
-1.069 -0.758 NA NA mz
-1.554 -1.324 NA NA mz
0.412 -0.381 0.369 -0.198 mz
0.858 0.559 0.418 -0.926 mz
0.216 -0.632 NA NA mz
-0.33 -0.586 NA NA mz
-1.137 -1.755 NA NA mz
NA 0.036 NA NA mz
-0.308 1.141 NA NA mz
-1.27 -1.096 0.312 0.764 mz
-0.948 -1.213 -0.47 -0.183 mz
0.022 0.857 -0.388 -0.285 mz
0.796 0.463 NA NA mz
0.012 0.306 NA 0.739 mz
-0.72 -0.999 -0.257 1.489 mz
-0.315 -0.076 0.166 0.904 mz
-1.431 -0.824 -0.619 -0.113 mz
-0.285 -0.56 NA NA mz
-0.274 0.683 0.22 -0.094 mz
-0.18 NA NA NA mz
0.011 -0.333 -0.195 0.84 mz
1.408 -0.341 1.824 1.784 mz
0.002 0.523 NA NA mz
-0.508 -0.301 -0.837 2.734 mz
0.886 0.186 -0.216 -0.865 mz
-1.269 -0.904 -2.088 0.584 mz
-0.536 0.03 -0.787 -0.556 mz
1.349 1.119 NA NA mz
0.496 -0.028 0.993 -0.502 mz
NA -0.575 NA NA mz
1.29 0.191 NA -0.682 mz
-0.305 NA NA NA mz
0.784 0.526 -0.715 NA mz
0.172 0.172 NA -0.801 mz
0.383 -0.79 NA NA mz
1.439 NA NA NA mz
-0.704 -0.808 NA -0.889 mz
NA -1.4 NA NA mz
1.061 1.108 -0.247 -1.488 mz
1.14 0.348 NA NA mz
2.135 0.829 NA NA mz
1.842 2.238 NA -1.004 mz
-2.593 -3.346 NA NA mz
-0.639 -0.125 NA NA mz
-0.154 -0.495 -0.931 -0.789 mz
0.354 0.079 0.182 -0.025 mz
0.304 0.134 NA NA mz
-0.132 -0.323 NA NA mz
-0.155 0.244 NA NA mz
-0.343 0.961 0.464 NA mz
-0.31 0.115 NA NA mz
0.835 -0.077 -0.423 0.969 mz
0.462 0.864 NA NA mz
1.301 0.809 1.203 -1.601 mz
-1.158 -0.357 NA NA mz
-0.497 -0.663 NA NA mz
0.493 -0.367 0.378 2.188 mz
0.879 0.564 0.273 -0.224 mz
0.16 -0.4 NA 0.188 mz
1.672 1.453 -0.133 0.174 mz
-2.073 -0.932 0.912 -0.476 mz
-0.623 -0.635 NA NA mz
1.893 1.785 NA NA mz
0.269 1.055 -0.424 1.264 mz
1.608 2.286 NA NA mz
0.171 -0.131 NA NA mz
0.33 -1.373 NA 2.774 mz
-2.751 -3.32 -0.989 -0.805 mz
-2.583 -1.624 1.218 -0.825 mz
1.033 0.217 0.755 0.561 mz
-0.964 -0.616 NA NA mz
-0.794 -1.193 0.218 1.032 mz
-0.892 -0.735 NA NA mz
0.117 1.018 0.43 1.009 mz
0.126 -0.087 1.087 NA mz
-0.562 -1.047 -1.693 0.065 mz
0.069 -0.53 NA -3.421 mz
0.335 0.829 NA 0.994 mz
-0.991 -1.885 -1.185 0.738 mz
-1.36 0.135 NA NA mz
0.854 0.865 0.227 0.843 mz
1.772 1.48 2.722 1.272 mz
-0.437 -0.19 NA NA mz
-0.424 0.476 NA NA mz
0.876 0.385 -0.682 0.844 mz
-0.127 -0.494 -0.515 -0.484 mz
1.149 0.857 -1.293 0.567 mz
-1.743 -1.458 -0.62 -1.229 mz
-0.361 -0.106 0.295 2.314 mz
-0.907 0.211 NA NA mz
0.669 -0.407 0.848 -0.946 mz
-1.565 -1.434 NA NA mz
-0.463 -1.584 NA NA mz
0.333 0.906 NA NA mz
-0.163 1.075 -1.557 -0.602 mz
-1.727 -2.055 -0.458 1.318 mz
0.937 0.887 -0.612 NA mz
NA 0.173 NA NA mz
0.399 0.706 0.759 NA mz
-1.966 -1.873 NA NA mz
-0.592 -0.054 -2.105 NA mz
0.676 -0.553 -0.432 -0.794 mz
-1.001 -1.393 NA NA mz
-1.75 -1.332 NA NA mz
-0.825 0.649 0.65 0.701 mz
0.705 NA NA NA mz
-1.311 -1.19 0.041 -0.219 mz
0.763 0.561 1.914 1.68 mz
-1.703 0.252 NA NA mz
-0.45 -0.353 0.238 0.367 mz
-1.562 -1.437 0.913 0.615 mz
-0.205 0.146 NA NA mz
-0.153 0.755 -0.707 NA mz
-0.023 -1.279 NA NA mz
-0.113 0.363 -0.234 1.56 mz
-1.325 -1.797 NA -1.212 mz
2.702 1.493 1.254 1.669 mz
-2.278 -1.822 -0.356 NA mz
1.177 -0.076 NA NA mz
-0.541 -1.13 -0.647 -0.52 mz
0.653 NA NA NA mz
-0.557 -0.137 NA NA mz
-0.392 -1.468 -0.132 0.468 mz
0.319 0.59 NA NA mz
-0.393 -0.432 NA 0.328 mz
0.678 0.921 NA 0.939 mz
1.8 1.528 NA NA mz
0.44 0.725 -0.736 1.126 mz
0.49 0.811 NA 1.529 mz
0.298 0.611 NA 1.126 mz
-0.032 -0.031 0.203 -0.789 mz
0.542 NA NA -1.208 mz
-1.774 -1.329 -0.602 -1.183 mz
-1.593 -1.336 -1.659 -1.702 mz
-1.032 0.113 NA NA mz
0.932 1.214 -0.125 0.446 mz
-1.831 -0.735 -0.044 NA mz
1.244 0.609 -0.268 NA mz
-0.793 -0.942 -0.342 0.584 mz
-0.557 1.01 NA NA mz
-1.483 -0.005 0.229 -0.038 mz
-0.831 -0.982 0.301 0.368 mz
0.771 -0.165 NA -1.751 mz
-0.928 0.801 NA NA mz
-0.008 -1.014 NA 0.607 mz
-0.352 -0.264 -1.304 -0.833 mz
0.576 0.431 NA NA mz
0.759 0.558 0.607 0.684 mz
-0.118 -0.439 NA NA mz
0.454 1.109 NA NA mz
-0.485 -0.735 -1.41 -1.852 mz
-0.978 -0.372 2.524 0.653 mz
0.664 0.518 0.95 NA mz
0.785 0.518 0.826 0.92 mz
-1.751 -0.769 0.018 -1.104 mz
-0.526 NA NA NA mz
1.13 -0.124 NA 0.465 mz
-0.437 0.745 1.159 -1.147 mz
-0.597 -0.178 1.102 1.162 mz
1.094 -0.305 NA NA mz
0.29 0.503 0.591 -1.42 mz
1.309 0.414 0.174 0.293 mz
0.049 1.041 0.165 0.179 mz
0.992 -0.038 NA NA mz
-0.783 -0.637 NA -0.426 mz
-1.731 -1.042 NA NA mz
0.809 -0.069 NA 0.269 mz
1.902 0.951 -0.38 -0.151 mz
0.02 0.172 -1.266 -0.138 mz
-1.458 0.197 NA NA mz
0.095 1.132 1.121 1.015 mz
-0.774 -0.682 0.418 -0.101 mz
-0.703 0.285 -1.046 -1.475 mz
0.491 -0.722 0.688 0.184 mz
-0.427 0.462 NA NA mz
-0.602 -0.294 -0.359 -0.379 mz
-0.453 -0.247 NA NA mz
-1.176 -2.73 NA NA mz
0.3 0.936 0.69 -0.956 mz
0.456 -0.479 -1.05 -0.079 mz
0.3 -0.448 NA NA mz
NA -1.716 NA NA mz
1.14 0.085 0.179 -0.39 mz
0.578 0.222 0.128 -1.581 mz
2.25 1.647 NA NA mz
-0.862 -0.569 NA -1.758 mz
-0.182 0.779 NA NA mz
0.189 0.967 0.04 -0.262 mz
-0.942 -0.29 NA NA mz
NA -0.262 NA NA mz
0.712 1.252 0.07 0.947 mz
0.202 -0.082 1.128 1.068 mz
0.864 -0.633 NA NA mz
-0.375 0.212 -0.503 0.624 mz
-1.278 0.036 -0.688 -0.579 mz
0.689 0.9 -0.225 NA mz
-0.71 -0.691 NA NA mz
-0.722 -1.204 -0.607 -0.616 mz
1.958 1.434 NA 0.562 mz
-0.941 -0.971 -0.851 -1.125 mz
NA -0.578 NA NA mz
1.437 1.001 0.053 -0.238 mz
-0.382 0.703 1.079 0.123 mz
0.289 -1.591 NA -2.028 mz
-2.692 -1.614 NA -0.206 mz
-1.734 NA NA NA mz
NA 2.053 NA NA mz
-1.378 -2.307 -0.927 -1.925 mz
-0.184 1.672 NA NA mz
0.586 NA NA NA mz
-0.214 -0.51 NA NA mz
-1.362 -1.697 NA NA mz
0.34 -0.458 -1.395 -0.791 mz
1.017 0.659 -0.482 1.102 mz
0.742 0.383 NA NA mz
-0.732 -0.929 NA NA mz
0.17 0.079 NA -1.277 mz
-0.179 -0.258 -1.016 1.031 mz
NA 1.336 NA NA mz
1.091 0.885 0.834 -0.323 mz
-0.067 0.199 NA NA mz
-0.618 -0.026 NA NA mz
1.131 1.218 -0.604 0.452 mz
0.429 -0.047 NA 0.793 mz
-0.791 -0.984 0.917 -1.411 mz
-0.483 -0.352 -0.412 -0.037 mz
-0.224 -0.15 NA NA mz
-1.682 -2.394 -1.137 -2.528 mz
-1.207 -1.419 0.513 -1.101 mz
-0.138 1.243 -0.477 -1.622 mz
-0.437 -1.964 NA NA mz
0.905 -0.418 NA -0.657 mz
NA 0.865 NA NA mz
-0.168 0.469 NA NA mz
0.12 1.784 0.317 0.706 mz
-0.244 0.064 0.764 -1.641 mz
-0.379 NA NA NA mz
-0.786 -1.009 0.738 -1.283 mz
0.011 0.566 -0.112 NA mz
-0.033 -0.948 NA NA mz
-0.81 -0.726 -0.339 -1.531 mz
-0.01 -1.445 0.058 -0.545 mz
0.875 1.466 NA NA mz
NA 1.477 NA NA mz
0.506 1.263 NA NA mz
1.538 1.194 NA NA mz
1.636 0.497 NA -0.659 mz
-0.418 -1.04 NA 0.114 mz
NA 1.298 NA NA mz
-0.994 -1.543 -0.934 -0.183 mz
0.097 0.594 -0.299 0.909 mz
0.772 -0.468 1.543 -0.492 mz
-1.008 NA NA NA mz
1.612 0.469 NA NA mz
-0.277 -0.392 -0.112 0.589 mz
0.151 -0.276 2.085 -1.251 mz
1.778 1.252 1.306 -0.444 mz
-0.968 NA NA NA mz
1.03 1.304 -0.226 0.034 mz
1.756 0.256 1.067 -0.894 mz
2.15 2.479 -0.538 1.598 mz
-0.177 -0.086 NA NA mz
-0.235 0.987 NA NA mz
1.121 -0.331 NA NA mz
0.715 1.388 -0.881 0.57 mz
0.913 1.036 NA NA mz
NA -0.506 NA NA mz
-1.388 -1.423 NA NA mz
0.908 0.609 NA NA mz
0.276 -0.454 2.53 1.111 mz
-0.985 -0.38 NA NA mz
0.91 1.16 NA NA mz
0.778 1.204 NA -0.353 mz
-2.717 -0.504 -2.009 -0.815 mz
1.84 1.047 NA NA mz
0.988 NA NA NA mz
-1.22 -0.208 1.026 -0.815 mz
-0.507 0.834 0.324 -0.467 mz
0.321 0.119 0.575 2.332 mz
0.001 -0.283 -1.315 -0.839 mz
NA -1.16 NA NA mz
0.79 0.811 NA -0.059 mz
0.446 1.145 1.205 NA mz
0.803 -0.641 NA NA mz
1.211 -0.24 NA NA mz
0.282 0.377 -0.492 NA mz
-0.013 0.293 NA 0.38 mz
-0.303 0.634 1.377 0.818 mz
0.32 -0.141 -1.717 -0.629 mz
0.524 1.147 0.604 0.17 mz
-1.367 -1.339 -1.192 -0.048 mz
0.669 0.61 NA NA mz
0.795 0.716 NA -0.05 mz
-0.023 -0.562 NA NA mz
-0.207 0.406 1.228 -0.255 mz
0.93 1.709 NA -0.733 mz
-0.577 -0.617 NA NA mz
1.635 0.878 0.921 -0.035 mz
-0.689 -1.124 -0.773 NA mz
-1.274 -0.68 -0.649 -0.541 mz
-1.261 -2.408 NA -0.562 mz
0.459 0.031 0.443 -1.598 mz
-0.214 -0.127 NA NA mz
0.633 0.507 -0.209 0.847 mz
-0.875 -0.408 -0.866 0.231 mz
-0.186 -0.091 NA NA mz
-0.44 -0.139 0.22 0.18 mz
NA 0.604 NA NA mz
0.33 0.481 NA NA mz
-0.601 0.466 NA NA mz
-0.313 0.048 1.718 -0.886 mz
0.269 0.571 NA 0.623 mz
-1.65 -1.177 -2.003 -0.185 mz
-0.389 0.021 NA 0.792 mz
-0.12 -0.933 NA NA mz
0.34 1.669 0.848 0.856 mz
-0.006 1.042 NA -0.398 mz
-0.736 -0.767 0.249 -1.105 mz
-0.681 -1.751 -0.772 -0.466 mz
-0.585 -0.117 1.082 -2.119 mz
-2.49 NA NA NA mz
2.623 2.065 NA NA mz
0.296 NA NA NA mz
0.578 -0.04 NA NA mz
-1.32 -0.583 0.481 -0.861 mz
-0.649 -1.09 1.302 0.315 mz
-0.55 0.092 1.376 0.491 mz
NA -1.043 NA NA mz
1.768 1.974 0.458 1.658 mz
1.422 0.423 3.09 1.034 mz
0.059 -0.237 NA NA mz
0.341 1.384 0.2 0.786 mz
-0.082 -1.043 NA NA mz
-0.425 -0.604 NA NA mz
-1.072 -1.143 0.943 1.066 mz
-0.732 0.003 NA NA mz
-0.2 -0.905 -2.327 NA mz
-1.427 0.178 0.313 -1.89 mz
-0.074 0.263 -1.28 1.656 mz
0.019 -0.259 0.656 -1.222 mz
0.881 NA NA NA mz
0.2 1.112 NA NA mz
-0.4 NA NA NA mz
-1.164 -1.247 NA -1.861 mz
0.357 NA NA NA mz
0.523 0.808 NA NA mz
0.714 0.166 0.796 0.9 mz
0.427 -0.976 NA NA mz
-0.343 0.999 -0.359 0.408 mz
-0.431 0.371 NA -1.401 mz
0.957 1.101 0.916 0.017 mz
-0.746 -0.132 -1.241 NA mz
NA -0.539 NA NA mz
-0.863 -0.148 NA NA mz
-1.335 -1.339 -0.448 0.828 mz
0.363 -0.215 -0.398 -0.278 mz
-1.274 -0.14 NA 1.491 mz
0.479 0.528 1.199 NA mz
-0.445 -1.451 -0.008 0.23 mz
0.607 0.046 NA NA mz
-0.767 -0.304 -1.463 -1.669 mz
-2.394 -2.662 NA NA mz
1.208 -0.01 -0.868 0.066 mz
0.063 -0.455 NA NA mz
-0.486 -0.934 NA NA mz
0.337 -0.144 NA 0.258 mz
-0.223 -0.752 NA NA mz
-1.182 0.084 0.274 0.369 mz
0.177 0.021 NA NA mz
NA 0.193 NA NA mz
0.152 NA NA NA mz
-1.92 -1.362 -0.534 -1.093 mz
-0.713 0.007 0.021 -0.892 mz
1.995 1.769 1.494 1.116 mz
NA 1.318 NA NA mz
0.516 0.027 0.25 1.204 mz
NA -1.485 NA NA mz
-0.391 0.364 NA NA mz
1.147 0.666 1.079 -0.659 mz
0.552 -0.059 NA NA mz
-2.06 -1.065 NA NA mz
-1.4 -2.144 NA NA mz
-1.312 -0.718 -1.352 NA mz
-0.427 0.343 NA NA mz
-0.673 -1 0.42 -2.513 mz
-1.293 -1.751 NA -0.436 mz
0.594 1.437 -1.664 1.913 mz
-0.917 -0.527 0.408 -0.97 mz
-0.283 -1.108 NA NA mz
1.036 -0.287 -0.869 -0.52 mz
-0.439 -0.158 -1.279 -0.737 mz
-0.502 1.117 0.509 0.837 mz
0.857 0.621 2.535 0.571 mz
-1.316 -0.653 -0.664 -0.111 mz
-0.341 -1.445 0.229 -0.288 mz
1.491 0.343 1.461 -0.336 mz
0.44 -0.579 0.604 NA mz
0.24 -0.532 NA NA mz
2.295 2.378 NA NA mz
1.002 0.096 -0.857 -2.598 mz
-0.252 -0.48 -0.961 0.594 mz
0.384 0.659 0.39 0.883 mz
0.785 0.123 NA NA mz
-1.251 -1.37 -2.508 -0.551 mz
NA -1 NA NA mz
1.347 1.306 0.321 0.958 mz
0.497 0.439 0.714 -0.787 mz
1.471 0.641 NA NA mz
0.093 -1.003 NA NA mz
0.983 0.592 0.025 1.916 mz
-0.153 -0.265 NA NA mz
-1.275 -1.2 -1.615 1.079 mz
0.54 1.282 -0.733 0.631 mz
2 1.706 NA NA mz
-0.528 -1.155 NA NA mz
-1.759 NA NA NA mz
0.384 0.888 NA NA mz
0.959 0.023 NA NA mz
-1.191 -1.513 NA -0.305 mz
0.866 -0.295 1.361 NA mz
-0.221 -0.302 0.34 1.782 mz
1.402 NA NA NA mz
0.638 -0.241 NA NA mz
0.38 1.775 NA NA mz
-0.425 -1.782 -1.374 -2.386 mz
NA 0.32 NA NA mz
-0.48 -1.025 -0.576 0.062 mz
-1.321 -0.542 -0.997 0.908 mz
-0.512 -0.595 NA NA mz
-1.279 -2.656 NA NA mz
0.083 0.844 1.085 NA mz
0.064 -0.384 -1.38 NA mz
-0.468 -1.045 NA 1.904 mz
0.327 0.287 1.775 -0.515 mz
0.44 0.847 NA NA mz
0.692 -1.345 0.139 0.031 mz
0.668 1.265 0.714 0.938 mz
-1.563 -0.745 -0.526 -1.406 mz
-0.175 0.417 0.346 -0.049 mz
-1.818 -1.291 -1.016 -0.873 mz
1.242 0.993 0.055 1.442 mz
1.498 2.136 NA 1.044 mz
-1.108 -2.083 -0.441 NA mz
1.697 1.465 NA 0.274 mz
-0.623 -1.456 NA -0.555 mz
-0.441 0.312 -0.333 0.819 mz
1.738 NA NA NA mz
NA 0.947 NA NA mz
1.544 1.483 NA NA mz
0.604 0.247 0.847 0.66 mz
-0.546 NA NA -1.967 mz
-1.41 -0.503 NA -1.057 mz
-0.805 -1.979 -0.567 -0.733 mz
0.387 0.75 NA NA mz
0.799 -0.251 -0.93 NA mz
-0.152 -0.634 NA NA mz
0.769 -0.209 -0.038 0.158 mz
0.426 0.123 NA NA mz
NA 0.463 NA NA mz
0.435 -1.3 1.533 0.042 mz
-0.798 -0.533 -0.067 -1.245 mz
-1.511 -1.504 0.048 0.094 mz
NA -0.799 NA NA mz
NA -0.067 NA NA mz
-0.699 -0.313 NA NA mz
1.642 NA NA NA mz
1.11 -0.026 -1.377 -2.295 mz
1.048 1.61 NA NA mz
0.053 0.311 -0.655 1.534 mz
-0.112 -0.304 -0.664 0.003 mz
0.641 1.232 NA -0.903 mz
-1.19 -0.477 0.236 -0.497 mz
1.298 0.766 3.088 -0.632 mz
-0.222 -0.577 -0.126 -0.782 mz
-1.777 -1.792 NA NA mz
1.373 1.523 0.821 -0.217 mz
NA 1.215 NA NA mz
0.472 0.615 1.567 -0.279 mz
1.498 1.574 NA NA mz
0.356 1.017 NA -0.692 mz
-0.25 0.768 -1.071 0.818 mz
0.662 1.657 NA NA mz
-0.659 -0.537 NA NA mz
-0.451 0.461 0.679 -0.769 mz
0.898 NA NA NA mz
-0.541 -0.81 0.695 1.45 mz
0.29 -0.138 NA -1.199 mz
-0.205 -0.144 0.822 -0.157 mz
-0.568 -1.314 -0.769 0.058 mz
1.365 1.352 NA -0.148 mz
-0.434 NA NA NA mz
-0.864 0.204 NA NA mz
-1.315 -1.773 NA NA mz
0.451 0.236 NA 0.789 mz
1.26 NA NA NA mz
1.564 1.287 0.214 -0.173 mz
-1.403 -1.69 NA 0.48 mz
0.641 -0.406 NA NA mz
-0.686 0.736 0.547 1.312 mz
0.094 -0.098 0.79 1.466 mz
1.658 0.961 -0.447 0.949 mz
NA -1.917 NA NA mz
-0.454 -0.104 0.131 1.408 mz
NA 1.427 NA NA mz
-0.826 0.377 NA NA mz
-0.551 -0.766 1.675 0.076 mz
-0.947 -1.313 NA -1.584 mz
0.407 0.657 -0.129 -0.701 mz
-1.378 -1.146 0.361 NA mz
0.503 0.026 NA NA mz
0.883 0.793 NA NA mz
0.512 0.268 -1.741 0.475 mz
-0.385 -0.517 NA NA mz
-1.583 -1.277 -0.911 -0.804 mz
0.183 -0.357 NA -0.081 mz
1.014 1.734 0.806 NA mz
0.619 1.959 NA NA mz
1.449 -0.249 2.186 0.384 mz
0.688 -0.45 NA NA mz
0.731 1.178 NA NA mz
0.821 1.131 NA NA mz
-1.386 -1.627 NA NA mz
-0.145 0.915 NA NA mz
2.293 0.7 0.578 2.48 mz
NA 0.326 NA NA mz
1.181 0.342 NA NA mz
0.65 -0.384 NA NA mz
-1.261 -1.039 -1.242 -1.062 mz
-0.517 -0.822 NA NA mz
-0.434 -0.377 NA -0.932 mz
-0.281 -0.055 NA -0.619 mz
-0.718 -0.438 -3.03 -1.806 mz
-0.38 -0.057 NA NA mz
0.449 -0.534 0.69 NA mz
-0.569 -1.774 -0.064 0.519 mz
1.188 NA NA NA mz
-0.547 0.132 NA NA mz
-0.457 -0.619 NA -1.301 mz
-0.793 -0.477 NA -0.601 mz
-0.865 -0.415 NA NA mz
-0.172 0.165 NA NA mz
0.083 1.096 NA 1.299 mz
0.915 0.203 NA NA mz
-1.112 -1.258 NA NA mz
-0.092 0.266 0.261 -0.042 mz
0.429 0.527 NA NA mz
-0.559 -0.185 -0.561 0.367 mz
NA 1.175 NA NA mz
-0.259 -0.689 NA NA mz
NA -1.701 NA NA mz
-0.007 -0.449 NA NA mz
0.052 0.387 -0.639 -0.066 mz
0.781 0.856 NA -0.468 mz
-1.41 NA NA NA mz
1.296 0.905 NA NA mz
-1.271 0.154 -1.175 -0.336 mz
-1.43 -1.413 NA NA mz
-0.154 0.324 -0.193 NA mz
-0.268 -0.875 1.318 NA mz
-0.3 NA NA NA mz
0.815 0.738 NA NA mz
0.683 1.024 1.111 0.344 mz
0.128 1.068 NA NA mz
0.671 1.719 0.069 -0.025 mz
-0.833 -0.624 NA NA mz
-1.176 -0.715 NA -0.352 mz
-0.038 0.888 NA NA mz
-0.882 -1.262 NA NA mz
0.312 0.921 -0.807 0.269 mz
-1.091 -1.661 -0.543 -0.443 mz
NA 1.811 NA 1.624 mz
0.306 -0.192 -0.684 -0.887 mz
-0.812 -1.416 -0.571 0.158 mz
-2.851 -1.996 0.823 -1.057 mz
-0.663 0.339 NA NA mz
2.708 2.561 1.82 2.884 mz
0.455 0.665 0.086 0.25 mz
0.934 0.02 NA 0.662 mz
-0.23 0.424 NA NA mz
0.223 0.744 NA NA mz
1.64 1.896 NA 0.79 mz
-0.652 -0.285 0.6 NA mz
1.079 -0.922 0.472 0.741 mz
-1.669 -0.759 -0.151 0.049 mz
0.058 1.871 0.805 -0.061 mz
1.853 1.145 NA NA mz
0.537 1.444 0.856 -0.986 mz
-0.241 0.524 -1.329 0.417 mz
NA -1.134 NA NA mz
1.087 0.756 -0.212 NA mz
-0.038 -0.187 -1.35 -0.916 mz
0.832 0.119 -0.631 -0.09 mz
0.571 0.913 NA 0.648 mz
0.423 1.088 -0.47 -0.089 mz
0.909 1.74 NA 1.387 mz
1.596 1.627 NA NA mz
NA 0.922 NA NA mz
0.389 -0.36 NA NA mz
0.459 0.04 0.874 -1.635 mz
-0.512 -1.488 NA NA mz
-0.695 -0.525 NA NA mz
1.033 -0.423 0.08 0.158 mz
-1.274 -0.45 NA NA mz
0.761 NA NA NA mz
-1.959 -0.986 -0.753 NA mz
-2.07 -1.284 0.61 -0.013 mz
-0.634 0.049 NA -0.182 mz
-0.131 -0.194 -0.476 NA mz
0.57 1.021 0.481 0.908 mz
3.216 2.154 NA 0.031 mz
-0.505 0.068 NA NA mz
-1.246 -0.787 NA NA mz
-0.252 -0.518 NA NA mz
-0.865 NA NA NA mz
0.133 -0.431 -0.821 -0.137 mz
0.495 0.045 1.695 -0.785 mz
-1.412 -1.09 NA NA mz
NA -0.449 NA NA mz
-1.557 -0.641 NA NA mz
0.153 -1.812 NA 0.988 mz
-0.259 -0.27 -0.158 -0.865 mz
-2.42 -1.015 -1.944 -0.259 mz
0.926 1.245 NA NA mz
0.174 0.301 NA NA mz
-0.832 -0.582 NA NA mz
-0.59 0.811 -0.136 0.706 mz
1.763 1.254 NA 1.265 mz
0.433 0.699 NA NA mz
-1.093 -0.651 NA NA mz
-0.69 0.49 NA NA mz
0.773 NA NA NA mz
-1.543 -1.927 -1.169 -0.504 mz
1.154 NA NA NA mz
-0.464 0.222 -0.317 -1.361 mz
-0.949 0.043 0.261 0.064 mz
-0.028 -1.145 -0.126 -1.594 mz
-0.49 -0.707 -0.764 -2.042 mz
-0.584 -0.659 NA -0.137 mz
0.827 0.671 NA 2.226 mz
-0.633 0.15 -2.09 1.303 mz
-0.299 -0.097 NA -1.55 mz
0.111 -1.04 0.619 -0.353 mz
-0.84 NA NA -2.039 mz
-1.259 -1.667 -0.948 NA mz
0.215 0.372 0.369 -0.322 mz
0.002 0.271 -0.787 -0.326 mz
-2.694 -1.518 -1.358 -0.504 mz
3.208 2.89 1.929 -0.166 mz
-1.143 -0.684 -0.525 -0.848 mz
-0.133 0.424 0.287 0.351 mz
-1.435 -1.043 NA NA mz
0.149 NA NA NA mz
NA 0.345 NA NA mz
-0.814 -0.121 0.802 NA mz
-1.664 -1.895 -0.039 NA mz
1.312 1.645 -0.331 0.119 mz
-0.029 0.379 NA NA mz
-0.734 -0.955 0.165 -0.192 mz
-1.295 -0.975 0.279 -0.523 mz
0.538 1.065 -1.64 NA mz
-0.011 -0.217 NA NA mz
-0.705 -0.628 0.229 -0.255 mz
0.692 0.45 0.172 1.288 mz
-0.108 0.52 0.145 NA mz
0.966 1.283 -0.27 0.186 mz
NA -0.5 NA -0.308 mz
-0.022 -0.471 NA NA mz
-0.521 -0.061 NA NA mz
0.339 -0.24 NA NA mz
1.289 0.272 NA NA mz
NA -0.947 NA NA mz
-1.299 -1.983 0.573 0.74 mz
1.707 NA NA NA mz
NA -1.607 NA NA mz
1.248 NA NA NA mz
-0.386 -1.195 0.924 -0.149 mz
1.029 1.489 0.588 0.422 mz
-0.029 NA NA NA mz
-1.313 -0.309 NA NA mz
0.147 -0.076 NA NA mz
0.261 1.216 NA 0.742 mz
-1.389 -1.727 NA -0.459 mz
-0.223 -0.315 NA NA mz
-0.114 0.089 1.205 -0.628 mz
2.161 1.681 NA 0.231 mz
0.048 -0.523 -0.404 -1.206 mz
0.584 -0.231 NA 0.837 mz
-0.757 -1.591 -1.44 NA mz
-0.525 0.893 0.793 NA mz
-1.34 -0.973 NA NA mz
1.276 2.096 -1.333 NA mz
0.2 0.643 -0.067 -0.308 mz
0.489 -0.017 NA NA mz
-1.248 0.268 NA -0.467 mz
0.875 0.227 NA -1.138 mz
-0.305 0.394 -1.309 -0.443 mz
-1.473 -2.087 -1.456 -0.741 mz
-1.074 -1.169 NA NA mz
-0.996 -0.858 NA NA mz
0.858 NA NA NA mz
-0.801 0.837 -0.452 1.373 mz
0.721 -0.089 NA NA mz
NA 1.411 NA NA mz
1.183 -0.005 NA NA mz
0.719 0.707 -0.733 -1.47 mz
0.027 1.009 0.178 0.761 mz
-0.653 -0.256 0.539 -0.939 mz
1.546 0.667 -1.04 1.173 mz
-0.42 -0.168 NA NA mz
-0.909 1.003 NA NA mz
0.918 1.49 0.605 NA mz
1.719 0.934 1.827 0.792 mz
0.185 -0.734 NA NA mz
0.131 0.433 NA NA mz
NA 0.092 NA NA mz
-0.841 -1.452 NA NA mz
1.738 1.209 NA -2.083 mz
-0.54 -0.737 NA NA mz
-0.182 0.352 -0.683 -0.992 mz
NA -0.254 NA NA mz
-0.122 0.606 1.373 -1.689 mz
0.125 0.126 NA NA mz
0.43 1.941 NA NA mz
-0.746 NA NA NA mz
-0.068 0.045 1.041 1.963 mz
0.332 -0.416 -0.042 2.305 dz
-0.352 -0.505 NA NA dz
-1.362 -1.785 -1.075 -1.64 dz
-0.505 0.223 -0.556 -1.125 dz
-0.336 0.202 -0.491 0.533 dz
-0.229 0.392 0.179 -0.194 dz
2.376 -0.218 -0.51 0.849 dz
-0.25 1.715 NA NA dz
0.563 0.293 1.064 1.34 dz
-1.6 -1.249 NA -1.583 dz
-0.666 0.101 NA NA dz
0.485 1.078 NA 2.002 dz
0.163 NA NA NA dz
0.419 0.662 NA NA dz
-0.443 -0.565 NA NA dz
-0.709 -1.758 -2.424 -1.552 dz
-0.434 -0.506 -0.505 -0.849 dz
0.197 1.446 NA NA dz
-0.403 -0.666 NA NA dz
-0.221 -0.278 NA -0.57 dz
NA 1.437 NA NA dz
0.319 0.136 NA NA dz
1.069 -1.114 -1.154 -0.312 dz
-0.53 NA NA NA dz
-1.266 -1.084 -1.175 -0.374 dz
1.003 -0.855 -1.329 -1.293 dz
0.137 -0.374 NA -0.178 dz
0.654 0.531 NA NA dz
1.24 0.377 NA NA dz
0.659 -1.087 NA 1.881 dz
0.253 0.697 NA NA dz
-0.13 0.611 1.05 0.285 dz
1.345 1.165 NA NA dz
1.488 1.789 0.633 0.639 dz
0.196 -0.592 NA -0.837 dz
-1.267 -2.107 0.637 -0.176 dz
1.899 1.348 NA NA dz
-0.754 -1.02 NA NA dz
0.833 0.97 -0.923 1.361 dz
0.175 0.244 -1.112 1.621 dz
-0.779 -1.526 NA -0.273 dz
-0.467 -1.147 0.458 0.974 dz
0.733 0.798 -1.058 -0.303 dz
-0.665 -0.12 -0.636 0.823 dz
-0.62 -0.501 -0.117 1.933 dz
-1.409 NA NA NA dz
0.255 1.033 NA NA dz
-0.742 -0.122 -0.492 NA dz
-0.949 -1.42 NA NA dz
-0.677 -1.518 NA 0.912 dz
-0.431 0.033 NA 0.248 dz
-1.68 -0.312 0.067 NA dz
1.271 0.317 2.318 -0.365 dz
-0.591 -0.133 -0.95 -0.836 dz
-0.756 -1.963 NA NA dz
-0.667 -0.431 -0.295 -0.54 dz
NA 1.171 NA NA dz
0.434 NA NA NA dz
-0.229 -0.103 0.408 -0.818 dz
0.674 0.366 NA 1.316 dz
2.312 0.852 NA NA dz
0.299 2.602 2.108 NA dz
0.163 -1.009 NA NA dz
-0.697 0.955 NA -0.606 dz
-2.28 -0.328 0.456 0.909 dz
-0.201 1.774 NA NA dz
2.919 0.658 NA NA dz
-0.534 -0.114 -0.115 -1.013 dz
NA 0.308 NA NA dz
1.721 1.145 2.506 1.782 dz
0.055 -0.187 0.676 -0.34 dz
-1.115 -2.739 -0.542 -1.793 dz
0.581 NA NA NA dz
NA 2.015 NA NA dz
0.698 0.932 2.261 0.543 dz
0.442 0.438 -0.512 1.126 dz
0.89 0.266 0.042 0.418 dz
-0.558 -0.528 -0.077 -1.106 dz
-1.309 0.372 -1.243 1.078 dz
-0.132 0.806 NA NA dz
0.126 1.192 NA NA dz
-0.263 -0.923 0.502 0.187 dz
0.827 1.486 -0.193 0.418 dz
0.83 -0.766 NA NA dz
1.323 1.049 NA NA dz
1.062 0.062 -0.021 -0.406 dz
-1.021 -0.49 NA -1.166 dz
-0.313 NA NA NA dz
-0.629 0.594 NA NA dz
-1 -1.047 -0.957 -1.246 dz
-1.065 0.907 NA 1.151 dz
-0.277 -0.826 -1.036 -0.263 dz
-2.282 0.004 NA NA dz
1.242 0.505 NA NA dz
0.829 1.211 NA NA dz
-0.14 -0.212 -0.692 -1.378 dz
-0.64 -0.14 -0.072 -0.475 dz
-0.372 -0.043 -1.753 -1.675 dz
-0.624 0.245 NA NA dz
0.457 -1.485 NA 0.488 dz
1.495 -0.722 NA NA dz
0.324 0.652 NA -0.702 dz
0.057 0.076 NA 0.768 dz
-0.034 -0.171 NA 0.29 dz
0.981 0.099 NA NA dz
0.204 1.262 -0.013 0.852 dz
-0.994 -0.439 -1.366 -0.614 dz
-1.436 -0.36 NA NA dz
0.233 -1.481 1.134 0.835 dz
0.327 -0.334 0.495 1.242 dz
-0.327 -0.175 NA NA dz
-0.153 -0.114 1.675 -2.118 dz
NA 0.674 NA NA dz
1.111 0.344 NA NA dz
0.778 -0.683 0.929 0.601 dz
0.461 -0.762 NA -0.613 dz
-0.213 NA NA NA dz
0.63 0.493 2.237 -0.439 dz
-1.921 -1.866 -1.305 -1.024 dz
1.941 1.061 NA NA dz
NA -0.979 NA NA dz
-0.603 NA NA NA dz
-1.283 0.015 -1.188 1.156 dz
NA -0.786 NA NA dz
-0.681 -0.409 NA NA dz
0.396 -2.077 NA NA dz
-0.359 0.532 -0.798 -0.239 dz
0.775 -0.031 0.473 0.77 dz
-0.326 1.013 0.878 0.524 dz
0.437 -0.016 0.167 0.705 dz
0.874 0.359 0.936 -1.518 dz
1.238 0.999 -1.361 0.487 dz
0.249 -1.061 NA NA dz
1.571 2.006 0.976 0.033 dz
-0.324 -1.815 -1.529 -1.18 dz
-0.578 1.874 NA NA dz
-0.38 -0.307 0.725 -0.8 dz
1.058 2.03 NA NA dz
-0.559 NA NA NA dz
0.792 0.57 1.067 1.823 dz
0.252 0.004 -0.442 -1.133 dz
0.296 0.515 1.134 2.044 dz
0.119 -0.382 1.868 0.103 dz
-1.143 -0.603 NA NA dz
-1.45 -0.488 -1.009 -0.316 dz
NA 1.395 NA NA dz
0.318 -0.071 NA NA dz
0.543 1.274 -0.535 -0.285 dz
-2.904 0.709 NA NA dz
-0.779 -1.089 -0.178 -0.079 dz
-0.331 -0.585 0.257 -0.34 dz
0.386 NA NA NA dz
0.396 0.484 NA -0.299 dz
-1.426 0.941 0.265 0.312 dz
0.547 2.152 0.705 -0.995 dz
1.011 -1.19 0.175 -0.958 dz
0.1 -0.321 -0.595 NA dz
NA -0.075 NA NA dz
-0.877 -0.892 -1.757 -1.181 dz
-0.605 -0.14 -0.694 0.009 dz
-0.215 -0.039 0.158 0.344 dz
1.243 0.132 1.089 NA dz
NA 0.147 NA NA dz
-1.137 -0.245 -1.442 -0.297 dz
0.491 0.842 -0.91 0.424 dz
-0.724 NA NA NA dz
0.414 -0.005 NA NA dz
-1.705 -0.458 NA NA dz
-0.841 0.595 NA 0.463 dz
-1.823 -1.938 NA NA dz
NA 0.318 NA NA dz
-1.79 -0.175 -0.495 -0.798 dz
-0.448 -0.927 0.797 -0.407 dz
1.364 -0.444 0.135 1.695 dz
-1.836 -0.284 -2.104 NA dz
-0.816 -0.056 -1.112 0.444 dz
-0.937 0.712 NA NA dz
1.683 2.713 NA NA dz
0.247 -0.393 NA 0.665 dz
NA 1.264 NA NA dz
0.193 -1.564 0.048 -0.223 dz
-0.16 -0.517 NA NA dz
-0.237 -1.427 -0.596 -0.896 dz
0.084 -0.222 0.511 0.071 dz
0.309 NA NA NA dz
1.417 2.499 NA NA dz
-0.016 0.138 -0.046 0.339 dz
NA 0.96 NA NA dz
-0.385 0.303 NA NA dz
-1.253 -0.577 -1.299 -1.312 dz
0.552 0.539 0.596 0.019 dz
-0.286 -0.633 NA NA dz
-1.935 -1.297 NA NA dz
-1.289 1.173 NA NA dz
-1.516 -0.155 NA 0.779 dz
0.745 1.008 NA -0.975 dz
-0.66 0.974 NA -0.4 dz
0.492 0.007 NA NA dz
0.546 1.681 NA NA dz
-0.852 -0.191 NA NA dz
1.558 1.516 -0.037 -1.166 dz
-1.864 0.198 NA NA dz
0.128 0.318 0.118 -0.469 dz
-0.329 -0.771 0.344 0.911 dz
-0.077 NA NA NA dz
1.419 -0.441 NA NA dz
-1.06 -0.861 0.496 -0.425 dz
-0.166 -0.966 -0.363 0.328 dz
1.8 1.266 NA NA dz
1.466 1.235 1.248 0.448 dz
0.936 0.676 2.384 1.074 dz
1.43 -0.397 NA -0.08 dz
0.713 0.896 0.196 -1.552 dz
-1.334 2.4 NA NA dz
-0.935 -1.825 -0.633 1.172 dz
0.286 0.673 NA NA dz
-0.746 -0.493 0.107 NA dz
-0.962 -0.535 NA NA dz
0.657 0.455 NA NA dz
-0.395 -1.638 NA NA dz
-0.764 0.319 -0.173 -1.203 dz
1.144 0.685 NA NA dz
0.978 0.424 NA NA dz
1.631 0.647 0.195 -0.267 dz
-0.321 -0.48 -1.598 -0.64 dz
0.172 0.423 1.243 NA dz
-0.784 -0.183 NA NA dz
0.504 0.52 0.441 -0.377 dz
1.52 1.655 0.148 -0.113 dz
0.841 0.604 NA 0.97 dz
1.003 -0.407 NA NA dz
-0.943 0.041 NA -1.178 dz
-0.44 -0.44 NA NA dz
-1.12 -1.02 NA NA dz
0.517 -0.243 NA 0.605 dz
-1.884 -1.671 NA NA dz
-0.282 -1.173 NA NA dz
1.758 NA NA NA dz
NA 1.844 NA NA dz
0.1 -0.483 NA NA dz
0.528 -0.013 2.466 -0.792 dz
-0.847 0.601 0.822 NA dz
-0.218 0.266 1.606 -0.986 dz
0.021 -0.441 -1.514 -0.332 dz
-2.196 -1.751 -1.624 NA dz
-1.145 -2.632 -1.195 -0.905 dz
-1.373 0.573 NA NA dz
-1.54 0.537 0.41 -0.608 dz
-0.375 -0.147 NA NA dz
-1.215 0.422 NA NA dz
0.472 -0.668 NA NA dz
-0.033 -0.539 NA NA dz
-0.154 -0.65 -0.807 -0.776 dz
-1.404 -0.652 NA NA dz
NA 1.789 NA NA dz
0.1 0.309 -1.512 -1.246 dz
0.398 0.743 NA NA dz
0.368 0.962 0.89 -0.29 dz
1.693 0.388 NA NA dz
0.49 NA NA NA dz
-0.594 -1.315 NA NA dz
-0.221 0.378 NA NA dz
0.09 -0.469 0.333 0.415 dz
1.102 1.087 NA NA dz
0.885 -0.017 -0.271 -1.146 dz
0.249 NA NA NA dz
-0.003 -0.828 -0.884 -0.952 dz
NA -0.915 NA NA dz
0.818 0.014 2.021 -0.537 dz
1.736 0.21 1.104 -0.5 dz
0.382 -0.349 -0.752 0.7 dz
-2.579 -1.219 0.014 -1.29 dz
-1.023 -0.616 -1.062 -0.704 dz
-0.299 -1.12 -0.036 0.684 dz
0.602 -0.736 0.669 -1.248 dz
0.614 0.878 NA NA dz
0.639 1.757 NA NA dz
-0.506 0.575 1.191 0.196 dz
-1.628 -0.93 NA 0.593 dz
0.94 0.675 -0.181 -0.257 dz
0.27 0.759 NA NA dz
-1.75 -0.581 -0.01 -0.592 dz
-1.711 -1.728 -0.727 0.592 dz
-0.817 0.589 0.346 2.033 dz
1.307 1.335 1.4 3.001 dz
-1.275 -1.126 NA NA dz
-1.45 NA NA NA dz
-0.566 -0.911 NA -0.734 dz
0.971 -0.257 0.219 NA dz
-1.842 -1.797 NA NA dz
NA -0.331 NA NA dz
1.914 1.034 NA NA dz
0.238 -1.076 NA NA dz
-1.611 -0.209 NA 0.392 dz
0.333 1.559 0.19 0.706 dz
1.096 -1.053 1.116 NA dz
-0.754 0.765 1.03 1.021 dz
NA -1.482 NA NA dz
NA -1.463 NA NA dz
0.76 NA NA NA dz
-0.865 -0.579 NA NA dz
-0.068 -0.311 1.344 -1.196 dz
-0.304 0.07 0.535 -0.207 dz
0.6 -0.684 NA NA dz
-1.688 -0.642 NA NA dz
-0.985 0.602 -1.198 -0.576 dz
-0.256 -0.435 0.312 -1.459 dz
0.705 -0.646 1.774 1.323 dz
-0.688 -1.22 NA NA dz
-1.58 0.038 0.089 0.074 dz
0.129 NA NA NA dz
1.336 1.351 0.113 -0.717 dz
0.905 0.786 NA NA dz
-1.154 0.56 NA 0.091 dz
0.648 0.699 1.028 -0.638 dz
1.002 3.173 -0.401 NA dz
0.463 0.635 -0.847 1.613 dz
0.736 1.588 NA NA dz
-0.71 -1.836 NA -2.004 dz
0.875 -0.6 NA NA dz
-1.375 -0.379 -0.058 -0.285 dz
NA 1.788 NA NA dz
-0.823 0.941 -0.189 -0.237 dz
-1.143 0.417 NA -0.42 dz
-0.556 0.484 NA -0.467 dz
1.296 0.16 1.322 0.246 dz
-0.006 -0.965 0.019 1.045 dz
-1.568 NA NA NA dz
-0.249 -0.897 NA NA dz
0.738 1.649 0.171 -0.428 dz
1.434 -0.295 1.686 NA dz
0.217 0.871 0.97 -0.624 dz
-0.119 -1.201 NA 0 dz
-0.788 -0.894 NA NA dz
-0.01 NA NA NA dz
NA 2.07 NA NA dz
0.108 -0.052 NA NA dz
2.604 0.695 -1.13 NA dz
-0.45 NA NA NA dz
0.93 0.92 -1.758 -0.476 dz
-0.123 -1.456 -2.012 NA dz
0.894 -0.186 NA NA dz
-0.085 0.447 NA 1.054 dz
0.452 -0.79 2.992 -0.228 dz
1.377 0.07 0.559 0.491 dz
0.594 NA NA NA dz
-0.157 -2.184 0.487 -0.634 dz
-0.699 -0.734 -0.639 0.439 dz
-0.691 0.638 NA NA dz
-1.372 -1.876 NA 0.248 dz
-0.048 -1.017 NA NA dz
1.997 0.901 -0.321 0.187 dz
-0.633 0.541 0.809 1.677 dz
0.388 1.639 0.272 0.129 dz
-0.213 1.238 NA NA dz
-0.785 -0.477 -0.739 NA dz
1.104 -1.112 NA NA dz
0.634 0.429 NA 1.862 dz
2.033 -1.229 0.437 1.143 dz
1.307 NA NA NA dz
NA 0.148 NA NA dz
0.707 0.847 NA NA dz
NA 0.33 NA NA dz
NA 0.032 NA NA dz
-0.398 0.24 NA NA dz
NA -0.75 NA NA dz
-1.816 -0.911 NA NA dz
-1.099 0.691 -1.253 0.289 dz
-0.781 0.867 0.242 1.545 dz
-1.135 -0.959 0.163 -1.081 dz
-0.533 2.221 0.894 NA dz
0.601 1.081 NA NA dz
0.343 0.586 1.152 0.141 dz
-0.479 0.561 -0.565 0.033 dz
0.531 1.325 NA 1.052 dz
0.214 -0.075 NA 1.253 dz
NA -0.946 NA NA dz
1.217 0.591 NA NA dz
1.359 1.123 -0.27 0.15 dz
-1.008 NA NA NA dz
0.299 -0.616 0.32 -1.116 dz
0.415 0.453 NA 0.466 dz
0.891 1.013 -1.834 -0.915 dz
1.401 -0.141 NA NA dz
-0.719 1.528 -0.694 0.189 dz
0.874 1.968 NA 0.126 dz
0.137 1.167 NA NA dz
0.017 -0.32 -0.242 -0.817 dz
-0.496 -0.116 NA NA dz
0.739 0.762 NA NA dz
-1.52 0.008 NA NA dz
1.428 0.442 NA NA dz
NA 1.398 NA NA dz
-1.944 0.755 -0.406 NA dz
-1.5 -2.409 -0.756 1.204 dz
0.057 -3.513 -0.954 -0.187 dz
-0.631 -0.33 NA -0.521 dz
-0.435 0.769 NA NA dz
0.597 1.42 1.329 0.573 dz
1.938 1.211 NA -0.052 dz
-0.587 -1.434 NA NA dz
-1.128 -1.973 -0.088 -0.572 dz
0.779 0.046 NA NA dz
-0.146 0.043 -2 NA dz
-0.651 -1.441 -2.235 -0.68 dz
0.758 1.221 NA NA dz
0.311 0.157 NA NA dz
-0.803 -0.474 NA NA dz
0.452 0.133 -0.008 -1.666 dz
1.438 0.449 NA NA dz
-0.623 -0.759 NA NA dz
0.333 NA NA NA dz
-1.42 -0.961 NA NA dz
1.751 NA NA NA dz
1.158 0.56 1.016 2.377 dz
-0.688 -0.559 NA -1.286 dz
0.963 0.405 NA NA dz
1.878 1.995 0.469 -0.574 dz
0.972 1.179 0.347 0.324 dz
-2.331 -0.214 NA NA dz
2.627 1.143 NA 1.568 dz
-0.681 -0.905 NA NA dz
-2.134 NA NA NA dz
0.279 2.925 NA NA dz
0.625 -0.518 NA NA dz
-0.794 0.148 -1.221 0.156 dz
-0.468 0.784 0.145 0.119 dz
0.817 0.2 NA NA dz
-1.739 -0.645 NA NA dz
-1.121 -0.826 -0.748 1.401 dz
-0.252 0.423 NA NA dz
0.502 -0.386 -0.021 0.404 dz
-1.061 -1.168 NA NA dz
-0.324 0.611 -0.563 -1.782 dz
0.131 -0.104 NA -0.898 dz
NA -0.441 NA NA dz
-0.558 -1.079 -1.487 -2.327 dz
-0.445 0.798 NA NA dz
-1.559 -0.752 -0.125 NA dz
1.239 1.57 0.181 1.254 dz
-0.823 -0.261 0.673 1.688 dz
1.887 0.359 1.129 0.457 dz
0.084 -0.121 NA NA dz
-1.942 -0.713 -1.156 0.019 dz
-0.091 0.732 1.177 -0.301 dz
-0.448 -0.467 NA NA dz
-0.534 0.524 NA NA dz
-0.256 2.035 -0.843 NA dz
0.343 NA NA NA dz
0.07 0.567 0.779 -0.695 dz
0.351 2.21 NA NA dz
0.141 -0.408 0.654 -0.488 dz
0.453 0.835 0.661 NA dz
-0.646 -0.648 -0.139 0.771 dz
-1.279 -0.081 NA NA dz
-0.004 0.362 NA NA dz
0.682 -0.368 1.062 -0.455 dz
1.379 1.754 NA 1.675 dz
-0.639 -1.319 NA NA dz
0.01 0.029 NA NA dz
-2.027 NA NA NA dz
-1.046 -0.274 0.159 -1.082 dz
1.911 -0.04 1.832 NA dz
-0.322 -0.615 NA NA dz
0.21 -0.001 NA NA dz
0.667 0.844 NA -0.411 dz
0.074 0.079 NA -0.436 dz
-3.289 -1.114 NA NA dz
-0.218 0.048 -0.985 NA dz
0.141 -0.368 -0.617 -0.696 dz
-0.899 0.092 NA NA dz
-1.373 -0.667 NA NA dz
1.067 0.975 NA NA dz
NA -1.626 NA NA dz
0.126 -0.544 NA -0.152 dz
0.769 -0.529 -0.962 -0.397 dz
-1.653 -0.416 -1.521 -0.873 dz
1.104 -0.743 1.115 0.604 dz
1.293 0.718 NA NA dz
0.866 -1.162 -1.264 -0.163 dz
0.107 -1.048 -0.017 0.134 dz
0.327 0.67 NA 1.187 dz
0.813 0.628 0.722 1.96 dz
1.214 NA NA NA dz
-0.265 -0.368 -0.772 -0.914 dz
-0.655 -0.52 -1.323 -0.39 dz
0.732 0.086 0.851 -0.177 dz
1.268 -0.47 NA NA dz
1.011 -1.555 NA NA dz
-0.391 0.359 NA NA dz
2.195 0.729 1.122 0.585 dz
0.242 -0.128 NA NA dz
1.111 0.191 0.093 -0.424 dz
-0.046 0.557 -0.384 0.621 dz
0.658 0.106 -0.227 -0.112 dz
-0.005 0.102 1.805 -0.493 dz
-0.634 0.945 0.61 -0.228 dz
-0.801 -0.591 -1.724 -0.505 dz
-0.506 -2.109 0.672 NA dz
0.928 -1.538 0.585 1.547 dz
-0.269 0.487 0.596 -0.81 dz
0.072 1.569 NA 0.513 dz
-0.665 2.185 0.332 0.955 dz
0.22 0.59 0.666 0.004 dz
1.016 NA NA NA dz
-1.436 -0.411 NA NA dz
NA 0.998 NA NA dz
NA 0.407 NA NA dz
-0.549 0.371 -1.545 -0.627 dz
0.016 0.773 -0.406 0.65 dz
2.438 2.255 0.692 1.553 dz
0.083 1.243 NA NA dz
-0.848 NA NA NA dz
0.658 0.499 NA 1.696 dz
-0.037 0.109 -1.354 0.139 dz
1.328 0.325 NA NA dz
-0.408 -0.575 NA NA dz
-0.216 0.157 -1.381 0.041 dz
1.598 0.002 -1.246 -0.558 dz
1.344 0.482 0.636 -1.072 dz
0.96 1.252 -0.257 0.015 dz
0.871 NA NA NA dz
-1.023 -1.713 NA NA dz
-2.575 -0.564 NA NA dz
-1.213 -1.339 -1.007 -0.164 dz
-0.733 -2.972 -0.737 -1.454 dz
0.758 0.815 1.46 2.812 dz
0.748 1.964 NA NA dz
-1.072 -1.313 1.108 -1.547 dz
0.706 -0.592 -1.36 NA dz
-1.47 -0.312 0.798 -0.215 dz
1.231 -0.74 0.779 -0.256 dz
1.051 0.054 1.141 -0.6 dz
0.512 0.62 -0.46 -1.551 dz
0.78 0.88 0.141 -0.694 dz
-0.104 0.679 NA NA dz
0.717 0.219 NA NA dz
-0.169 0.428 NA -1.481 dz
-0.074 0.358 NA NA dz
-0.001 0.475 -0.029 -0.037 dz
0.534 0.552 0.019 -0.257 dz
-1.077 NA NA NA dz
-0.701 -1.371 -1.681 NA dz
-0.743 -0.129 NA NA dz
-0.854 -0.498 NA -0.903 dz
-0.093 -0.089 NA NA dz
0.21 -0.517 NA -0.542 dz
0.687 -0.208 NA NA dz
1.7 -0.153 NA NA dz
0.75 0.46 -0.037 -1.02 dz
2.056 0.984 NA NA dz
-0.581 0.585 NA NA dz
0.424 1.088 -1.271 -0.92 dz
-1.819 -2.113 -0.744 0.006 dz
-1.987 -2.064 NA NA dz
-0.857 0.391 NA NA dz
0.02 1.982 NA 0.309 dz
0.078 0.297 NA NA dz
-0.601 0.761 NA NA dz
-0.634 -0.499 NA -2.242 dz
-0.033 -0.596 -1.362 -1.292 dz
-1.817 -2.117 -0.608 -2.529 dz
NA -0.807 NA NA dz
0.66 -0.799 NA NA dz
-0.366 -1.471 -0.437 -0.688 dz
-0.501 0.474 -1.244 -1.088 dz
-0.386 -0.281 -0.026 -0.045 dz
0.864 1.357 -0.467 1.84 dz
-1.322 0.551 -0.605 -1.703 dz
0.286 NA NA NA dz
0.294 0.445 0.755 1.525 dz
-0.147 0.4 0.871 1.527 dz
-0.107 -0.235 -0.152 0.937 dz
0.926 -0.276 1.28 1.544 dz
-0.624 -0.389 NA NA dz
0.838 0.234 NA NA dz
0.301 -0.401 0.128 -0.967 dz
-0.287 -1.747 -0.574 0.578 dz
1.296 1.384 1.815 0.992 dz
-0.631 1.406 NA NA dz
-0.709 1.188 0.728 -1.18 dz
-1.415 -0.972 -1.351 -1.038 dz
-1.045 0.318 -0.243 0.843 dz
0.093 0.303 NA NA dz
-0.447 1.213 -0.665 -0.024 dz
1.655 1.104 0.936 0.259 dz
-0.693 -0.737 NA -0.437 dz
-0.364 -1.15 -0.034 -0.876 dz
NA -1.156 NA NA dz
0.962 0.552 -0.171 1.637 dz
-1.373 -0.26 NA -0.311 dz
0.205 NA NA NA dz
-1.709 -0.603 NA NA dz
-0.435 -1.336 -0.636 0.068 dz
0.212 -0.417 2.308 0.537 dz
0.854 -0.861 NA 0.692 dz
-0.133 0.282 NA 1.288 dz
-1.022 -1.829 NA NA dz
0.497 NA NA NA dz
0.523 0.032 NA NA dz
-0.95 -1.22 -1.857 -1.122 dz
0.362 0.543 NA NA dz
-0.539 0.987 NA 1.199 dz
-1.325 -0.228 0.429 -1.846 dz
-1.911 0.983 NA NA dz
1.6 -0.542 NA NA dz
NA -0.027 NA NA dz
0.143 0.99 NA NA dz
-1.411 -1.058 NA -1.336 dz
-0.283 0.094 2.297 0.938 dz
NA -0.839 NA NA dz
0.889 -0.68 NA NA dz
1.234 0.849 0.701 -0.202 dz
0.313 -0.653 1.589 -2.908 dz
0.638 NA NA NA dz
1.021 1.179 NA NA dz
NA 0.038 NA NA dz
-0.059 1.735 0.251 NA dz
-2.091 -2.765 NA NA dz
-1.256 0.186 -0.632 -0.813 dz
0.014 0.684 -0.244 -0.529 dz
0.227 1.908 1.758 2.044 dz
0.546 -0.261 NA NA dz
-0.122 -1.791 -0.272 0.003 dz
0.483 0.236 -0.846 -0.292 dz
0.597 1.473 -0.383 0.117 dz
0.416 0.648 NA 1.068 dz
-0.386 0.311 NA NA dz
NA 0.264 NA NA dz
NA 0.352 NA NA dz
0.003 1.589 NA NA dz
-1.087 -0.167 NA 0.933 dz
-0.87 -0.665 NA NA dz
1.884 0.586 NA NA dz
-0.857 -0.439 NA NA dz
0.818 NA NA NA dz
1.49 0.378 1.012 0.303 dz
1.13 0.811 0.332 NA dz
0.477 -0.235 NA NA dz
-1.35 -1.139 NA NA dz
1.756 1.926 NA NA dz
-2.046 -1.985 NA 0.506 dz
1.031 0.467 -0.842 NA dz
1.776 1.066 NA -0.068 dz
-1.988 NA -1.666 NA dz
-0.315 -1.421 -0.182 NA dz
0.156 NA NA NA dz
0.246 -0.938 0.123 NA dz
-0.869 -1.112 NA -0.3 dz
0.348 1.723 NA 0.937 dz
-0.415 -0.405 NA 0.546 dz
-1.018 0.91 0.69 2.209 dz
-0.333 1.115 -0.545 -0.386 dz
-0.574 -0.841 NA NA dz
NA -1.165 NA NA dz
0.459 0.118 0.797 0.415 dz
-0.64 -0.741 NA NA dz
NA -0.431 NA NA dz
NA -0.58 NA NA dz
1.534 1.087 -0.573 -1.051 dz
1.01 -1.153 NA 0.888 dz
0.444 -0.77 0.556 NA dz
1.078 0.692 0.655 -0.478 dz
-1.467 -2.191 -0.041 -2.164 dz
1.454 -0.561 NA NA dz
-0.307 -0.207 -1.395 -0.264 dz
NA 0.365 NA NA dz
2.017 1.183 0.152 1.388 dz
0.643 -0.359 -0.409 -0.243 dz
-0.072 -0.805 NA NA dz
-0.658 -0.336 1.373 -0.483 dz
0.472 0.308 NA NA dz
0.487 0.664 NA NA dz
0.18 0.066 NA NA dz
-0.59 0.689 NA -0.589 dz
-0.954 -1.067 -0.481 0.669 dz
NA -0.164 NA NA dz
0.061 NA NA NA dz
0.777 1.946 NA NA dz
-3.581 -1.625 NA 1.021 dz
0.178 -0.326 0.005 0.445 dz
-0.869 NA NA NA dz
-1.299 -0.594 1.154 NA dz
0.905 -0.143 NA NA dz
1.312 0.938 NA NA dz
-0.466 -0.041 -0.681 0.584 dz
0.236 -0.38 NA NA dz
1.024 NA NA NA dz
-0.766 -2.073 NA 0.262 dz
1.031 -1.07 -1.135 0.727 dz
0.013 -1.2 -0.605 -1.059 dz
0.287 0.535 NA NA dz
0.69 -0.25 0.905 -0.543 dz
-0.664 -1.092 NA -0.64 dz
-1.018 -2.417 0.503 -0.856 dz
-0.443 -0.119 NA NA dz
-0.739 0.61 -0.707 2.046 dz
0.045 -0.548 NA NA dz
2.534 0.799 NA -0.089 dz
3.212 0.485 0.974 -0.953 dz
1.135 0.658 -0.938 NA dz
-0.628 -0.62 NA NA dz
-1.413 -0.879 -0.658 -1.331 dz
