"x"
0.96751
1.033740
0.8583137
0.9902818
0.678992
0.5221275
0.6125794
0.4798294
0.2393285
0.2010527
-0.06288012
-0.1312839
-0.2629446
-0.4904606
-0.4253272
-0.5173055
-0.6113321
-0.682401
-0.8658997
-0.6539542
-0.7216363
-0.7313377
-0.8205714
-0.4914798
-0.5682795
-0.4396095
-0.2499717
-0.3754595
-0.2118050
0.1098782
0.1792935
0.2171397
0.4295115
0.4160855
0.3592901
0.4631437
0.4154253
0.4966913
0.4330629
0.5214861
0.4777276
0.4599337
0.4007123
0.4671026
0.2823922
0.2892266
0.3439264
0.1568750
-0.1185586
-0.1331422
-0.08696964
-0.1312028
-0.1470885
-0.4540639
-0.4067175
-0.4960738
-0.4510866
-0.3209244
-0.4570406
-0.3360902
-0.492471
-0.3835747
-0.2123685
-0.2698691
-0.2195477
-0.2313426
-0.03445972
-0.1368725
-0.02574357
-0.1095199
0.1550507
0.1921552
0.4356781
0.3451376
0.3776586
0.2010372
0.3743104
0.5044784
0.4595740
0.2561986
0.1475588
0.2658207
0.08274994
0.1895905
0.0892508
0.03243186
-0.02107925
-0.04961843
0.1635447
-0.09829561
-0.01183679
0.08865464
-0.2564231
-0.2311686
-0.1974876
-0.2173807
-0.1568661
-0.2791474
-0.1908963
0.03792539
