###########################################################################/**
# @RdocData SimpleRawData
#
# @title "Data for SimpleRaw Demo"
#
# \description{
#
#  Here is some data for the SimpleRaw demo.
# 
# }
# 
# @synopsis
#
#*/###########################################################################

-0.879712431179984 -1.75787422866886 -0.0319185598189112
1.01205767911567 -1.44566561701875 0.0446887166747933
0.0989276846198412 3.08611347719938 1.04841024298512
0.320403507044479 -1.17562406440579 -0.868845418641921
-0.208036626532804 -1.34233210344611 -1.34797499758661
1.38304596406656 3.12953329635928 0.0878353516888652
-0.777262495574112 1.20896960515976 -0.513250864924259
1.82564094623961 1.90312643655715 0.709588655208328
0.725298362165928 -1.79752316332139 0.324641051896474
0.981483088147863 2.9519604463257 1.19896099101861
-0.989262570768868 -0.0863765110843254 0.195052763816965
1.58180138915249 0.520616670217446 0.766430129490156
-1.06078796739385 -0.606859020485483 -2.8374427577025
-1.94960213928831 -2.08605905191969 -1.52759100366376
1.71410622411705 2.42583304208381 0.0593260444328825
1.93755874864685 2.48587836944796 1.0163260666327
-0.438777765509784 0.234138089424191 -1.40342970902448
0.121963614102546 2.73774215328492 3.20909007498952
1.6263386097347 4.24968552553211 2.92645343076283
-1.02449200935734 0.852942782286965 1.80119625961806
0.0821315524944573 -3.5901502816662 -1.64116951724325
1.29533989197709 -1.13866835314243 -0.414942602694575
0.0110534570374345 0.872172727749273 -0.678618369997772
-0.696493817799838 0.147831115456727 1.15171527513514
-0.0818146864398153 0.937023018785684 0.914713916726521
0.356996933525272 -2.57251605328483 -1.76384925974972
-1.00381927942517 0.914527738895589 -0.940027083649337
1.13633330312209 1.27404120834028 1.31641168997301
0.98053821631103 4.0882977891167 0.319751052226868
0.819527024815555 2.2607819985862 1.30466590982863
-0.094225848023764 -0.23686228950885 0.197479170616531
-0.296979522726785 -1.14726299131300 0.734686825769879
-0.591345661228707 4.93940640035107 -0.0173156987516232
-0.311480172996568 -0.198260589198814 -1.07118049096570
-1.19822013264194 0.112254248905750 -0.622648818846582
0.430042331702001 0.290562944948920 -0.843185409599798
0.712964130579167 -2.21659431401767 -2.22347231136574
0.575935408169052 3.73172559470789 0.158523664993053
0.985511459898246 1.96540687418822 -0.943523240711577
0.845697893091067 -1.20377302222822 -1.36375182625665
-0.583355782099842 2.81369708729585 0.699060583260799
-0.113293179373008 1.13419048380217 1.85858449968184
-1.97613508194608 -1.75500155410866 -1.60676514868598
0.449262569847934 0.740297868035455 0.362573664736681
-0.193034903268412 0.116755376748995 -0.0953519993398225
0.414249977521987 -1.06187208961837 -0.272051566278699
0.31020016528015 -0.281600927069207 0.173189273494280
0.75089318759724 -0.161251205339938 -0.919125294457402
-0.819147674779747 -0.910392626612714 0.783463553956786
0.897287764997103 0.496047702987815 -0.820582270450583
-1.46923515878833 -2.30470843780431 -1.91184153061614
0.305658463482691 2.55600389257299 0.787607608739467
2.04836676229437 -1.67816143006719 -0.894482797255136
-0.556699169621371 -3.16045398135996 -0.357428088070486
0.283002769456699 0.736136711178027 -0.13486739557005
2.19082727907721 0.129063992088215 1.51920683709445
-0.355154311384110 2.53722455682069 1.66842894711824
0.0399635849335015 2.9144958783395 0.630397476172028
0.692857449984799 -1.86390804424851 -0.844363622399192
-0.425777787361841 1.47350150824411 -1.20484597307734
-1.46609903958551 1.82098279977959 0.853722292790006
-1.18536167258624 -2.72686909518304 -1.51643418914764
-0.512174329092578 0.437642418690794 -1.67144713036526
-1.19992899028665 -1.93783914299862 0.950690482249188
-1.76411813531659 -2.36310040154396 -0.90205429272246
1.17444351083259 1.16479627249767 0.454129079612312
-0.400916139718733 1.07373113539163 1.84109733555172
0.649163115280504 0.294209309549835 0.389061825376905
-0.0295036580590724 3.79487260518678 -1.45826454014618
1.36689650499304 0.5001070654813 1.01142460030423
-0.94260445212278 -1.99252411612348 -0.423341972898242
-1.76978510936567 1.63708748819180 -0.871200171601642
0.849141965077322 -6.05815980333154 0.170197998387897
-2.10955189149497 -1.88485010381188 0.483022447048732
0.859151709357852 0.128525900094177 0.650790576512481
-1.88505683335901 -1.64675437775114 -1.02585050071087
0.930439650220603 0.321775536270382 0.314366079621264
-1.81867229003625 0.525894482498319 -1.53483970492122
-4.09547287024519e-05 1.96714938152629 2.17114216058037
0.95128096329259 -4.92386054725221 0.0663370079864437
0.70543378546193 -2.35627454650398 0.253595689437297
-0.320670666700823 2.38923562892503 0.922322366483113
1.36107589275951 1.65107979830533 -0.291849097928092
-0.685711862685747 1.53411352494245 1.21581010085551
1.87491962909098 -1.08321300640426 0.867456584886292
-0.945978554699803 -2.69463468504162 -2.20392741266351
-1.54541510962802 0.136809384132200 -1.10843286898869
-0.333893131703692 -2.44134983384350 -1.62553777689564
0.264458159423441 0.0755828543242546 1.62552394941683
-0.0864334424339513 0.366279300633033 1.40422709372009
1.01895948100177 -0.248064776967392 0.53914959484762
1.21067957046120 0.795972915515024 1.26489971783211
1.45175399595998 1.09468651707674 1.94986854177980
-0.933284364108588 -1.05974165836962 0.179209463919426
1.93210940398068 0.0161170197653055 2.19210760013864
0.802334065320852 -1.57828471896615 -0.397459837919428
0.0951171413851362 -2.23736614965044 -1.19914537138565
1.03503715027849 -0.296656043403435 2.0076760046631
-0.610039654656335 3.00836876922666 1.15697909975633
0.921002440037722 -0.339728996640283 0.580183067885422
1.02100334283369 -1.71250601613295 -0.520558157376124
2.02241074489443 -1.86773537918727 -0.204304196837274
-2.16535476133103 -1.86329639197030 -2.33964962768863
1.22298857089624 2.19295951350401 1.39787360275985
-0.92129265146907 1.06189394448121 -0.672180480744053
0.411293970776174 -0.230020936384954 1.89394122943494
1.78187914229929 1.43093297266126 2.8408796249675
1.28805060769744 2.20298420885574 2.97817838124819
-0.417938637157225 -0.141720891574641 -0.420896128536655
0.257473791556612 0.992367062176844 1.18099590407686
0.609655454408957 -1.99882591344933 0.726738624319628
-0.195288044294976 0.599873751494557 -1.22193100077866
-0.0774649419239574 -1.26930733151135 -0.318930475884578
0.691678504118905 -0.123666964832723 1.80907477222729
0.0590178252261171 1.39275835329379 1.36640828220966
1.03210735428109 -0.833707060138595 3.61142178909088
-0.318191940401895 1.16330203043471 -0.102363429181993
0.570803127130084 3.30193540535180 2.70777966584766
-0.358395005631517 1.78067225934065 0.607297335998787
-3.52337072244395 0.203703404302359 -4.44778453310316
0.0456154392012628 -4.90686270568141 -1.54098827753985
0.374365858478391 2.12879268524956 0.322642859490792
1.34518624602927 -1.50028126096766 0.273770009718536
1.42627422164128 1.18514021548265 0.612478837864032
0.636475866951327 0.193199616283391 1.00341642821725
-0.480979213882063 2.01193843653688 0.135178136445415
2.39415382018980 4.74191048077628 4.4254905997925
-0.55289315025089 0.703444044594354 -1.90307913117972
0.0289052742658067 -2.64015588788715 0.264249540668821
1.26559806231486 1.52992642592425 1.50719037854396
-1.61614069791294 -1.37866669854179 -2.43548321491448
1.05333054768227 1.95463417913357 1.45348616407095
-1.44478276153422 4.68991207907492 1.15052048101636
-0.400304696888784 -0.125078876743814 0.839973556841315
0.441858007591332 2.72369898512391 -0.419206880076037
1.66976212763961 0.123020302842516 2.09798624290118
-0.408176601651335 -2.88570785727188 0.228698325826381
0.759337675721521 0.589846095548387 1.36468486512045
1.03644304339299 3.93249021642201 0.97363131534443
-0.35769185105475 -3.17502723108712 -0.540216960387017
0.194737094787401 -0.869235730593305 -0.263549299815851
1.10812984266785 -1.72894831900513 -1.15990427537838
0.117425641838443 -0.126709898239509 -0.805562326386078
1.12184800709222 0.664118536960832 1.59460644540801
-1.09622508326475 4.33693842867978 -1.37002395770746
0.0949992059795167 1.29763051874356 -0.89081354733485
0.156466222914382 -0.796658162037878 0.355050896598583
-0.155726084571512 0.0504394009589304 0.262598957504727
-0.322606470560571 -3.31757054646378 -2.24654478126113
0.487968049708136 -0.540442716220475 0.63524216746168
-0.167718834376852 0.478806923781199 -0.758028441085388
0.0519857059906512 -2.81971732902162 -0.142935090047972
-1.61612088757862 -3.61473050274484 -2.11582517875924
-2.16713195365451 2.56260034236009 -0.404494492207773
-0.0681865819598303 5.08933200858643 1.70504664547077
-1.11533775156523 -2.75086066374508 -1.68046334500184
1.30326350437798 0.721463552558365 2.77689870906948
0.662841841345641 -0.376443933479574 2.15422473459747
-0.827446225682828 1.23927919959841 -0.456061735954776
0.83575524503169 0.551858798571527 0.0516208862496622
0.849388009366849 0.0618559999251747 1.85762742956860
-0.344922650558911 -1.00684998154233 -0.733280664456944
0.00310697698293597 -3.51534616756913 -0.131148973588052
0.89533627992674 -0.702072094117786 0.304720510430812
-0.790859854677568 -2.19095704482634 0.219594061231364
0.964935474748497 -2.32463543997684 -0.602654742637844
0.363676954298721 -0.280015419618509 -1.43104765992392
0.927983990781812 -3.10823794799711 -1.13543122310240
-0.444770789338262 -0.111237320688477 -1.83099076822639
-0.467972360375503 -3.16754008227643 -1.57070588621353
0.340394718614495 1.93136850702049 -0.112099067001033
-1.23218982526877 1.99485497888642 2.55836707797505
0.237364583623897 0.695505806606566 1.01739986067709
-0.876364847895562 2.99162442992024 0.133793886347908
-0.546850064688485 -0.91942466830254 -1.88158262701091
0.232229110778273 -2.76335469586369 1.57763570977517
-0.176402880898864 -0.882279420704652 1.21451034721684
-1.83190409366341 -1.56389592865645 -0.685709599938937
-0.0880692697988896 5.10533048850239 1.13150682706869
1.31432687782868 0.181149075222582 1.03700812549221
-1.78285097313151 -4.83871983772814 -1.45762448979076
-1.08137655905112 -1.17909690178588 -0.252688057126995
0.890740742925345 -0.3660038682149 -0.397245547066775
-0.452944404917929 -1.14115873576119 0.645619910606958
0.0796389405115774 0.586809607391409 -0.794663342034238
1.00198936270926 -2.6766224854553 -1.11544930183976
1.05114887787876 -3.25990265033026 1.9669498781761
-0.209488262662595 4.19135101868914 0.133109662780630
-0.757089697028247 -2.15363632898995 -0.857012898524934
1.27483639081295 -2.11010746378524 0.234212185409259
-0.421044492342518 0.693187438597804 2.09080119783823
-0.108507938333341 -2.3823204804631 -0.0538941934631595
0.90132462735452 -0.963977241176408 -0.607296141231366
-0.69454392349797 -0.506963894045816 0.943714892261087
-0.847627239231237 1.86903649947390 1.40337094873699
1.67972815282850 0.608887013476331 -0.798380760909004
0.471109550626326 2.33307557901275 0.552240222918672
-1.19476466248075 -0.85505397477699 -0.781787436488865
-1.03303907014531 -1.7879572800058 -1.26009148638437
-0.262494454435791 -0.219991197166615 -1.35167443416268
